{"full_convex_hulls":{"averages":[[0.0,4.1997432698531734e-8,-0.005924927529036582,0.09257427428505233,4.199743269783784e-8,-0.0063178011762980235,0.09285276409518536,-0.06412135366396446,-0.031595663899822206,0.08803503863724511,-0.06778318807493212,-0.03173566587408378,0.0894252267600513,0.13415008198394746,0.09519811280372796,-0.026645724756107773,-0.026646223383028644,-0.027856868729042302,-0.03139916847927469,-0.03139926189178864,0.13150010250092165],[4.1997432698531734e-8,0.0,-0.015797584708298448,0.12018837272054043,0.028093945577445045,0.06739856209808777,0.178218847404145,0.2715135088086163,0.25085350893204444,0.3102757172322719,0.2772760702093145,0.27324112628459646,0.3541755208069413,0.045424169104364386,0.032280808556294324,0.2053995375511005,0.17260004903611462,0.19250448469899592,0.20561077484779286,0.17230014000569363,0.042180772788127575],[-0.005924927529036582,-0.015797584708298448,0.0,-0.02709283986006325,0.0628894236472725,0.09679329056470456,0.1930594121149321,0.23444170675089093,0.21135930506277306,0.2738311514299346,0.2612698817783283,0.26594420846536637,0.35151024969613753,0.06439177110658893,0.056920451555209035,0.2144993740192764,0.13808613590097954,0.18432603136752307,0.2136264102134437,0.13988368209516752,0.06257699934349957],[0.09257427428505233,0.12018837272054043,-0.02709283986006325,0.0,0.17525597611642946,0.19295560152340563,0.26316895383567923,0.24888245037181636,0.2199045481708157,0.29041367836932497,0.28747009200702633,0.2943004284295399,0.38191905403379545,0.20053187401684164,0.19546932122064894,0.26316198400996216,0.16757785213281945,0.22719469066190892,0.2625779767067714,0.17107218282263287,0.19875892362610156],[4.199743269783784e-8,0.028093945577445045,0.0628894236472725,0.17525597611642946,0.0,-0.0009998996555805315,0.1213489091656467,0.27693750140307605,0.2683977561158471,0.33900889187108096,0.2715135088086163,0.2552056943083648,0.3224364490300292,0.03469792017870337,0.018386283554114913,0.1810701500824524,0.19303216020889657,0.18965908714801627,0.1851030327926576,0.1945125738125648,0.035384245059383014],[-0.0063178011762980235,0.06739856209808777,0.09679329056470456,0.19295560152340563,-0.0009998996555805315,0.0,-0.02704877490364969,0.2616876175173029,0.26218872211140415,0.33662557418561156,0.233706695642933,0.21343900827077567,0.28103263785689775,0.053810584702674455,0.04789638273854793,0.14608781258992098,0.2045199813849093,0.1762112443163617,0.14763900626044105,0.2082348095261236,0.05570609957508741],[0.09285276409518536,0.178218847404145,0.1930594121149321,0.26316895383567923,0.1213489091656467,-0.02704877490364969,0.0,0.2882157692463351,0.2910649421461793,0.36814140054747696,0.24829797764198144,0.22146704173871226,0.2925612038260304,0.1919963175297624,0.18623002071307887,0.1752423776504917,0.25618469289656115,0.2190517175180482,0.17420210110881348,0.26021440497021475,0.19477172822780767],[-0.06412135366396446,0.2715135088086163,0.23444170675089093,0.24888245037181636,0.27693750140307605,0.2616876175173029,0.2882157692463351,0.0,-0.015797429096581283,0.11988163628327013,0.02822355623734002,0.06755178338497687,0.18041595581418193,0.40781448292885414,0.3704166427432237,0.12483290451810973,0.08383904615976497,0.05589437508592758,0.12732880065742933,0.08670048886273878,0.404620971026976],[-0.031595663899822206,0.25085350893204444,0.21135930506277306,0.2199045481708157,0.2683977561158471,0.26218872211140415,0.2910649421461793,-0.015797429096581283,0.0,-0.02711219083948562,0.06304082318935875,0.09712429402408279,0.1946466449454418,0.3901994064817307,0.35768810530028017,0.14426126360621,0.07310752235822097,0.07355617373389406,0.14794766482064217,0.073804412748909,0.3873745960681779],[0.08803503863724511,0.3102757172322719,0.2738311514299346,0.29041367836932497,0.33900889187108096,0.33662557418561156,0.36814140054747696,0.11988163628327013,-0.02711219083948562,0.0,0.17343185808838982,0.18902815376272467,0.260156403826026,0.44530664919735635,0.4162451323062846,0.2550013944954551,0.1829460621053747,0.20573673800731387,0.2581523926704523,0.18240748514909416,0.4413070888235929],[-0.06778318807493212,0.2772760702093145,0.2612698817783283,0.28747009200702633,0.2715135088086163,0.233706695642933,0.24829797764198144,0.02822355623734002,0.06304082318935875,0.17343185808838982,0.0,-0.0009998996555805333,0.1214575510623626,0.4061591862018146,0.36855099930515833,0.07544462059909599,0.1315844224968697,0.044240364750588616,0.07527142032697397,0.12851594560106241,0.4041983022781717],[-0.03173566587408378,0.27324112628459646,0.26594420846536637,0.2943004284295399,0.2552056943083648,0.21343900827077567,0.22146704173871226,0.06755178338497687,0.09712429402408279,0.18902815376272467,-0.0009998996555805333,0.0,-0.02704568385131138,0.3912362376935988,0.3575543307987083,0.06589403281383084,0.1537866603542246,0.06305869790038661,0.06527452985336284,0.15040819637680333,0.39104185188511237],[0.0894252267600513,0.3541755208069413,0.35151024969613753,0.38191905403379545,0.3224364490300292,0.28103263785689775,0.2925612038260304,0.18041595581418193,0.1946466449454418,0.260156403826026,0.1214575510623626,-0.02704568385131138,0.0,0.45306878159332,0.4228651291011664,0.18263409915827522,0.2695876351287047,0.2031531969186065,0.18489006611153072,0.2693336248881185,0.4530028518767638],[0.13415008198394746,0.045424169104364386,0.06439177110658893,0.20053187401684164,0.03469792017870337,0.053810584702674455,0.1919963175297624,0.40781448292885414,0.3901994064817307,0.44530664919735635,0.4061591862018146,0.3912362376935988,0.45306878159332,0.0,0.022050210091014186,0.3211256263059613,0.3158066823357341,0.32394980713177723,0.32365888780310537,0.316448481729441,-0.012499999152087318],[0.09519811280372796,0.032280808556294324,0.056920451555209035,0.19546932122064894,0.018386283554114913,0.04789638273854793,0.18623002071307887,0.3704166427432237,0.35768810530028017,0.4162451323062846,0.36855099930515833,0.3575543307987083,0.4228651291011664,0.022050210091014186,0.0,0.2821107051289328,0.2765896378863383,0.28370023937225175,0.2860649977413345,0.28032928289459436,-0.0014157693110801333],[-0.026645724756107773,0.2053995375511005,0.2144993740192764,0.26316198400996216,0.1810701500824524,0.14608781258992098,0.1752423776504917,0.12483290451810973,0.14426126360621,0.2550013944954551,0.07544462059909599,0.06589403281383084,0.18263409915827522,0.3211256263059613,0.2821107051289328,0.0,0.1280447555841739,0.05125911328071401,-0.01250000131092098,0.13193989784737056,0.3199655671925839],[-0.026646223383028644,0.17260004903611462,0.13808613590097954,0.16757785213281945,0.19303216020889657,0.2045199813849093,0.25618469289656115,0.08383904615976497,0.07310752235822097,0.1829460621053747,0.1315844224968697,0.1537866603542246,0.2695876351287047,0.3158066823357341,0.2765896378863383,0.1280447555841739,0.0,0.061494481059183675,0.13193989784737056,-0.012500001310920978,0.31076348251948105],[-0.027856868729042302,0.19250448469899592,0.18432603136752307,0.22719469066190892,0.18965908714801627,0.1762112443163617,0.2190517175180482,0.05589437508592758,0.07355617373389406,0.20573673800731387,0.044240364750588616,0.06305869790038661,0.2031531969186065,0.32394980713177723,0.28370023937225175,0.05125911328071401,0.061494481059183675,0.0,0.05678671262522515,0.06760384746728854,0.320140472058688],[-0.03139916847927469,0.20561077484779286,0.2136264102134437,0.2625779767067714,0.1851030327926576,0.14763900626044105,0.17420210110881348,0.12732880065742933,0.14794766482064217,0.2581523926704523,0.07527142032697397,0.06527452985336284,0.18489006611153072,0.32365888780310537,0.2860649977413345,-0.01250000131092098,0.13193989784737056,0.05678671262522515,0.0,0.13106920130087546,0.3229911360805138],[-0.03139926189178864,0.17230014000569363,0.13988368209516752,0.17107218282263287,0.1945125738125648,0.2082348095261236,0.26021440497021475,0.08670048886273878,0.073804412748909,0.18240748514909416,0.12851594560106241,0.15040819637680333,0.2693336248881185,0.316448481729441,0.28032928289459436,0.13193989784737056,-0.012500001310920978,0.06760384746728854,0.13106920130087546,0.0,0.31247509987485916],[0.13150010250092165,0.042180772788127575,0.06257699934349957,0.19875892362610156,0.035384245059383014,0.05570609957508741,0.19477172822780767,0.404620971026976,0.3873745960681779,0.4413070888235929,0.4041983022781717,0.39104185188511237,0.4530028518767638,-0.012499999152087318,-0.0014157693110801333,0.3199655671925839,0.31076348251948105,0.320140472058688,0.3229911360805138,0.31247509987485916,0.0]],"maximums":[[0.0,4.199743272592649e-8,0.009521380228169563,0.25252728004937186,4.199743272592649e-8,0.009521455778595145,0.2513838603301739,-0.06100666555941467,-0.028175448065473837,0.16778358766114587,-0.06441649993804992,-0.028192260069555095,0.16734305978648908,0.1341500819839475,0.09519811280372666,-0.026645724756107533,-0.026646223383028057,-0.027856868729042025,-0.03139916847927435,-0.031399261891788474,0.13150010250091984],[4.199743272592649e-8,0.0,-0.015506223338821526,0.15847444710822625,0.041094544795800055,0.09188982086607313,0.26240969391246055,0.27151350880861286,0.27272118121329086,0.5172729762396353,0.27864020325448463,0.28821787527718373,0.5336402427332335,0.04666216676699665,0.04179083035149364,0.2082316795128476,0.1726000490642776,0.19379802158606055,0.20801933570997722,0.17230014001877256,0.0446871593204018],[0.009521380228169563,-0.015506223338821526,0.0,-0.026979420795165104,0.07819040230070631,0.12904382950005105,0.29938413752011445,0.2814620371902843,0.2830845909185205,0.5270503876304715,0.29724637060132275,0.3104709254460696,0.5536215560296209,0.0705345994373764,0.07390306339144355,0.23591908833246047,0.18261845599216667,0.21390518768705227,0.2346296662926598,0.18238301924985606,0.0708205970131923],[0.25252728004937186,0.15847444710822625,-0.026979420795165104,0.0,0.26172795263449994,0.30805436964219596,0.47743179413929404,0.52415527412248,0.5246815054723365,0.7328195605174802,0.5411735462451264,0.5509329225798971,0.7841256584810047,0.3014982172616234,0.2815154662884003,0.4738938104170463,0.4253266985735854,0.46005600837163635,0.47458143861478036,0.42290472785110644,0.2970584315137186],[4.199743272592649e-8,0.041094544795800055,0.07819040230070631,0.26172795263449994,0.0,-0.0009998996555805016,0.15996592020401929,0.27709821712697963,0.2852714296623374,0.5324204097745886,0.27151350880861286,0.27272021551241366,0.5158537201679458,0.03519263375325714,0.026028517622917764,0.18134865973574843,0.19378627354415262,0.18967429222476329,0.18512318093245686,0.1952494440760573,0.03599400467478702],[0.009521455778595145,0.09188982086607313,0.12904382950005105,0.30805436964219596,-0.0009998996555805016,0.0,-0.026923405812968707,0.2984579348753219,0.3104613457445718,0.5543575119923321,0.2814606544797249,0.28273280798778305,0.5257301497498447,0.06083539653658555,0.0643951215220942,0.19168321894936802,0.22634124289677343,0.20888255121889418,0.19472196812313075,0.22816327881204373,0.061988247663520304],[0.2513838603301739,0.26240969391246055,0.29938413752011445,0.47743179413929404,0.15996592020401929,-0.026923405812968707,0.0,0.5444362415522782,0.5522082290719457,0.7833120363299084,0.5223662963055606,0.526537588596976,0.7355869721855787,0.293178971014785,0.26812945044237585,0.435017985114049,0.4643449265588589,0.45328269880700944,0.43312754350796445,0.4662841331538125,0.294007791040945],[-0.06100666555941467,0.27151350880861286,0.2814620371902843,0.52415527412248,0.27709821712697963,0.2984579348753219,0.5444362415522782,0.0,-0.015506168001325713,0.1584646701984258,0.0411231415685568,0.09203547909855357,0.2700348078904239,0.40799109145527634,0.37113626296895486,0.1285437232715571,0.08467164242201485,0.059945774824108705,0.13022299554064082,0.0872236389524267,0.4047746329281155],[-0.028175448065473837,0.27272118121329086,0.2830845909185205,0.5246815054723365,0.2852714296623374,0.3104613457445718,0.5522082290719457,-0.015506168001325713,0.0,-0.026979422562030776,0.07822355621198762,0.1294250106147685,0.30763486874080576,0.4129748196698044,0.3765689030544429,0.15400463951140728,0.08534548762478848,0.08547542532233275,0.15562514560354707,0.08775798877506848,0.40940294349693734],[0.16778358766114587,0.5172729762396353,0.5270503876304715,0.7328195605174802,0.5324204097745886,0.5543575119923321,0.7833120363299084,0.1584646701984258,-0.026979422562030776,0.0,0.26253600221327017,0.30874625538706124,0.4748189445880741,0.6598788768074807,0.6245579919028593,0.3753348206828609,0.3286437490718007,0.3096957758114338,0.3753892171204223,0.33218636853495176,0.6562190786810046],[-0.06441649993804992,0.27864020325448463,0.29724637060132275,0.5411735462451264,0.27151350880861286,0.2814606544797249,0.5223662963055606,0.0411231415685568,0.07822355621198762,0.26253600221327017,0.0,-0.0009998996555805016,0.15994876989624263,0.4063116193994236,0.36936693223596007,0.07580455122296757,0.1341294137523828,0.04557542914135555,0.07556435494887127,0.13048555017175748,0.4044045805683463],[-0.028192260069555095,0.28821787527718373,0.3104709254460696,0.5509329225798971,0.27272021551241366,0.28273280798778305,0.526537588596976,0.09203547909855357,0.1294250106147685,0.30874625538706124,-0.0009998996555805016,0.0,-0.026923480937711387,0.41022754557109664,0.37374887811293095,0.07617813416279075,0.16232700710112155,0.07334683544980586,0.07587024024258297,0.15765379790757594,0.40913897619580747],[0.16734305978648908,0.5336402427332335,0.5536215560296209,0.7841256584810047,0.5158537201679458,0.5257301497498447,0.7355869721855787,0.2700348078904239,0.30763486874080576,0.4748189445880741,0.15994876989624263,-0.026923480937711387,0.0,0.6559025289406217,0.6209458787049219,0.32065742243349277,0.38419643490786815,0.3008305744598908,0.3204891285095066,0.3832572913851696,0.6543389931691784],[0.1341500819839475,0.04666216676699665,0.0705345994373764,0.3014982172616234,0.03519263375325714,0.06083539653658555,0.293178971014785,0.40799109145527634,0.4129748196698044,0.6598788768074807,0.4063116193994236,0.41022754557109664,0.6559025289406217,0.0,0.022050210091014336,0.3211256263059664,0.3158066823357367,0.32394980713177035,0.3236588878031029,0.3164484817294392,-0.012499999152087216],[0.09519811280372666,0.04179083035149364,0.07390306339144355,0.2815154662884003,0.026028517622917764,0.0643951215220942,0.26812945044237585,0.37113626296895486,0.3765689030544429,0.6245579919028593,0.36936693223596007,0.37374887811293095,0.6209458787049219,0.022050210091014336,0.0,0.28211070512893416,0.2765896378863454,0.28370023937225336,0.28606499774133437,0.2803292828945914,-0.0014157693110801578],[-0.026645724756107533,0.2082316795128476,0.23591908833246047,0.4738938104170463,0.18134865973574843,0.19168321894936802,0.435017985114049,0.1285437232715571,0.15400463951140728,0.3753348206828609,0.07580455122296757,0.07617813416279075,0.32065742243349277,0.3211256263059664,0.28211070512893416,0.0,0.12804475558417702,0.05125911328071319,-0.012500001310921206,0.13193989784736818,0.31996556719258856],[-0.026646223383028057,0.1726000490642776,0.18261845599216667,0.4253266985735854,0.19378627354415262,0.22634124289677343,0.4643449265588589,0.08467164242201485,0.08534548762478848,0.3286437490718007,0.1341294137523828,0.16232700710112155,0.38419643490786815,0.3158066823357367,0.2765896378863454,0.12804475558417702,0.0,0.06149448105918296,0.13193989784736818,-0.012500001310921195,0.3107634825194816],[-0.027856868729042025,0.19379802158606055,0.21390518768705227,0.46005600837163635,0.18967429222476329,0.20888255121889418,0.45328269880700944,0.059945774824108705,0.08547542532233275,0.3096957758114338,0.04557542914135555,0.07334683544980586,0.3008305744598908,0.32394980713177035,0.28370023937225336,0.05125911328071319,0.06149448105918296,0.0,0.056786712625224486,0.06760384746728777,0.32014047205868357],[-0.03139916847927435,0.20801933570997722,0.2346296662926598,0.47458143861478036,0.18512318093245686,0.19472196812313075,0.43312754350796445,0.13022299554064082,0.15562514560354707,0.3753892171204223,0.07556435494887127,0.07587024024258297,0.3204891285095066,0.3236588878031029,0.28606499774133437,-0.012500001310921206,0.13193989784736818,0.056786712625224486,0.0,0.13106920130087713,0.32299113608051394],[-0.031399261891788474,0.17230014001877256,0.18238301924985606,0.42290472785110644,0.1952494440760573,0.22816327881204373,0.4662841331538125,0.0872236389524267,0.08775798877506848,0.33218636853495176,0.13048555017175748,0.15765379790757594,0.3832572913851696,0.3164484817294392,0.2803292828945914,0.13193989784736818,-0.012500001310921195,0.06760384746728777,0.13106920130087713,0.0,0.31247509987485605],[0.13150010250091984,0.0446871593204018,0.0708205970131923,0.2970584315137186,0.03599400467478702,0.061988247663520304,0.294007791040945,0.4047746329281155,0.40940294349693734,0.6562190786810046,0.4044045805683463,0.40913897619580747,0.6543389931691784,-0.012499999152087216,-0.0014157693110801578,0.31996556719258856,0.3107634825194816,0.32014047205868357,0.32299113608051394,0.31247509987485605,0.0]],"minimums":[[0.0,4.199743264265976e-8,-0.03299376558990338,0.00404160286253914,4.1997432670415336e-8,-0.03297044470676372,0.003544603339027579,-0.0690923180563554,-0.03533794217178967,0.0037489405074032124,-0.07235227524561189,-0.03534034301036778,0.0036599896072257963,0.1341500819839475,0.09519811280372666,-0.026645724756107533,-0.026646223383028057,-0.027856868729042025,-0.03139916847927435,-0.031399261891788474,0.13150010250091984],[4.199743264265976e-8,0.0,-0.015947495419642282,0.028610525878156337,0.0009134450929429053,0.03302505963179301,0.07890158438871894,0.27151350880861275,0.10940293569282619,0.04018382758111943,0.2761357757419905,0.1536791520682491,0.1123164647752504,0.043505716362511826,0.0233210657909248,0.20326883388013336,0.17260004900299414,0.19169107594134865,0.20348831215856586,0.17230013996915516,0.03941088916424178],[-0.03299376558990338,-0.015947495419642282,0.0,-0.028705461941940125,0.033091918342696876,-0.05623041558702148,-0.03877806833263655,0.11263975597008588,-0.01669602867656895,-0.02884359083987818,0.1518422429305745,0.0527053527168017,0.050149767930310785,0.03575008175340737,0.019123049216478387,0.11782119906696334,0.0054532266877314935,0.06652315870051093,0.12691922699492766,0.011996539778486252,0.03924626028089187],[0.00404160286253914,0.028610525878156337,-0.028705461941940125,0.0,0.0773037415784465,-0.034689401577464446,-0.03449201691077788,0.02572618731678819,-0.05220259241409271,-0.035267753575945554,0.08115489354038519,0.032600326355410984,-0.016387432665329098,0.06944625289474109,0.060588186511328676,0.10442027300144659,0.0010759934615893487,0.05376265211904324,0.12508604934693385,0.0019610039173409465,0.07428130515270344],[4.1997432670415336e-8,0.0009134450929429053,0.033091918342696876,0.0773037415784465,0.0,-0.0009998996555805363,0.043118468708278124,0.2768494254989084,0.14349205615164937,0.10426735093405398,0.27151350880861275,0.1100513901458208,0.05347236544425538,0.034371251427390864,0.01065671266548941,0.18091641504887562,0.1922448167859733,0.18964993112033238,0.18510004805600028,0.19360499939452358,0.03496870982100733],[-0.03297044470676372,0.03302505963179301,-0.05623041558702148,-0.034689401577464446,-0.0009998996555805363,0.0,-0.028781982193088144,0.15191271684879992,0.06182096237690608,0.015309465032555302,0.11358365228079191,-0.04018644234565503,-0.04664842159417392,0.02337984885395442,0.005200801553607738,0.01721214583381262,0.11242485635974252,0.05696567667068392,0.015647017141294912,0.12689999990567502,0.03391432851333201],[0.003544603339027579,0.07890158438871894,-0.03877806833263655,-0.03449201691077788,0.043118468708278124,-0.028781982193088144,0.0,0.08506637459300213,-0.04717330626462278,-0.01033291635727658,0.01489123621313281,-0.05115142006921804,-0.03999441077737035,0.061506611607180434,0.043376754644234614,0.0009602079323230948,0.11859561750433167,0.046242963145271314,0.001825059630868229,0.12388841284805337,0.06353663706151666],[-0.0690923180563554,0.27151350880861275,0.11263975597008588,0.02572618731678819,0.2768494254989084,0.15191271684879992,0.08506637459300213,0.0,-0.01594749864443475,0.028240887347898553,0.0013321523154752966,0.03350568623154822,0.07782124641465525,0.4077579952031549,0.37016780494678214,0.11926097702449548,0.08364393352982351,0.051996074974553885,0.12253666615750713,0.08659340081469229,0.40457193132584496],[-0.03533794217178967,0.10940293569282619,-0.01669602867656895,-0.05220259241409271,0.14349205615164937,0.06182096237690608,-0.04717330626462278,-0.01594749864443475,0.0,-0.028791157265718403,0.03267814591468838,-0.05623489687302891,-0.03551826432579411,0.24635081938518905,0.23540968802938994,0.0903489198020933,-0.007697156161001592,0.02558347857790132,0.1032127131482193,-0.015530600448840333,0.24903806180083193],[0.0037489405074032124,0.04018382758111943,-0.02884359083987818,-0.035267753575945554,0.10426735093405398,0.015309465032555302,-0.01033291635727658,0.028240887347898553,-0.028791157265718403,0.0,0.08061312303562773,-0.03275332834220404,-0.03679114151121714,0.16624734851325657,0.10586500422131881,0.10686560024980332,0.003135896494725324,0.05311612500146853,0.1201657921183534,0.0014859208309156906,0.14486974474137707],[-0.07235227524561189,0.2761357757419905,0.1518422429305745,0.08115489354038519,0.27151350880861275,0.11358365228079191,0.01489123621313281,0.0013321523154752966,0.03267814591468838,0.08061312303562773,0.0,-0.0009998996555805398,0.04362515641504898,0.4061104823067368,0.3680855899019641,0.07533768513131324,0.12737189222753104,0.04274696198888771,0.07518011128234088,0.12532920853013518,0.4041247313388303],[-0.03534034301036778,0.1536791520682491,0.0527053527168017,0.032600326355410984,0.1100513901458208,-0.04018644234565503,-0.05115142006921804,0.03350568623154822,-0.05623489687302891,-0.03275332834220404,-0.0009998996555805398,0.0,-0.028777534295446845,0.24432882254873695,0.22592280423079913,-0.014551919857234826,0.10549547727487779,0.018902154765327545,-0.015902783033059212,0.10658190007155895,0.24995092477895303],[0.0036599896072257963,0.1123164647752504,0.050149767930310785,-0.016387432665329098,0.05347236544425538,-0.04664842159417392,-0.03999441077737035,0.07782124641465525,-0.03551826432579411,-0.03679114151121714,0.04362515641504898,-0.028777534295446845,0.0,0.1701997571176586,0.11590882021582144,0.001451409195250112,0.10386747350962576,0.0432140936775165,0.00019017290233402492,0.12403290413974918,0.15933287461736817],[0.1341500819839475,0.043505716362511826,0.03575008175340737,0.06944625289474109,0.034371251427390864,0.02337984885395442,0.061506611607180434,0.4077579952031549,0.24635081938518905,0.16624734851325657,0.4061104823067368,0.24432882254873695,0.1701997571176586,0.0,0.022050210091014336,0.3211256263059664,0.3158066823357367,0.32394980713177035,0.3236588878031029,0.3164484817294392,-0.012499999152087216],[0.09519811280372666,0.0233210657909248,0.019123049216478387,0.060588186511328676,0.01065671266548941,0.005200801553607738,0.043376754644234614,0.37016780494678214,0.23540968802938994,0.10586500422131881,0.3680855899019641,0.22592280423079913,0.11590882021582144,0.022050210091014336,0.0,0.28211070512893416,0.2765896378863454,0.28370023937225336,0.28606499774133437,0.2803292828945914,-0.0014157693110801578],[-0.026645724756107533,0.20326883388013336,0.11782119906696334,0.10442027300144659,0.18091641504887562,0.01721214583381262,0.0009602079323230948,0.11926097702449548,0.0903489198020933,0.10686560024980332,0.07533768513131324,-0.014551919857234826,0.001451409195250112,0.3211256263059664,0.28211070512893416,0.0,0.12804475558417702,0.05125911328071319,-0.012500001310921206,0.13193989784736818,0.31996556719258856],[-0.026646223383028057,0.17260004900299414,0.0054532266877314935,0.0010759934615893487,0.1922448167859733,0.11242485635974252,0.11859561750433167,0.08364393352982351,-0.007697156161001592,0.003135896494725324,0.12737189222753104,0.10549547727487779,0.10386747350962576,0.3158066823357367,0.2765896378863454,0.12804475558417702,0.0,0.06149448105918296,0.13193989784736818,-0.012500001310921195,0.3107634825194816],[-0.027856868729042025,0.19169107594134865,0.06652315870051093,0.05376265211904324,0.18964993112033238,0.05696567667068392,0.046242963145271314,0.051996074974553885,0.02558347857790132,0.05311612500146853,0.04274696198888771,0.018902154765327545,0.0432140936775165,0.32394980713177035,0.28370023937225336,0.05125911328071319,0.06149448105918296,0.0,0.056786712625224486,0.06760384746728777,0.32014047205868357],[-0.03139916847927435,0.20348831215856586,0.12691922699492766,0.12508604934693385,0.18510004805600028,0.015647017141294912,0.001825059630868229,0.12253666615750713,0.1032127131482193,0.1201657921183534,0.07518011128234088,-0.015902783033059212,0.00019017290233402492,0.3236588878031029,0.28606499774133437,-0.012500001310921206,0.13193989784736818,0.056786712625224486,0.0,0.13106920130087713,0.32299113608051394],[-0.031399261891788474,0.17230013996915516,0.011996539778486252,0.0019610039173409465,0.19360499939452358,0.12689999990567502,0.12388841284805337,0.08659340081469229,-0.015530600448840333,0.0014859208309156906,0.12532920853013518,0.10658190007155895,0.12403290413974918,0.3164484817294392,0.2803292828945914,0.13193989784736818,-0.012500001310921195,0.06760384746728777,0.13106920130087713,0.0,0.31247509987485605],[0.13150010250091984,0.03941088916424178,0.03924626028089187,0.07428130515270344,0.03496870982100733,0.03391432851333201,0.06353663706151666,0.40457193132584496,0.24903806180083193,0.14486974474137707,0.4041247313388303,0.24995092477895303,0.15933287461736817,-0.012499999152087216,-0.0014157693110801578,0.31996556719258856,0.3107634825194816,0.32014047205868357,0.32299113608051394,0.31247509987485605,0.0]]},"full_obbs":{"averages":[[0.0,4.199743269750478e-8,-0.022179726993449386,0.0669207310105128,4.1997432698448467e-8,-0.02227796397618858,0.06537375817809736,-0.08686923403381956,-0.052701814650328055,0.0469133341593229,-0.09981564876591091,-0.05209293129820753,0.043570564447531004,0.1341500812992432,0.09510011227130996,-0.03391534663754669,-0.03391534663754669,-0.028906790895760353,-0.0321398097865932,-0.0321398097865932,0.13150010169744328],[4.199743269750478e-8,0.0,-0.016199918538331942,0.08816459456851365,0.016705218303860615,0.06309784526106868,0.15370248693086402,0.2715135088086163,0.23246310084760863,0.2910270449041389,0.27216648945248706,0.2471327043208268,0.3198684927802819,0.032143852863902214,0.01943010261446324,0.19819763019530115,0.17260004829761622,0.19000968914542266,0.20186516319505898,0.1723001382112532,0.030765076179559595],[-0.022179726993449386,-0.016199918538331942,0.0,-0.036982350051403046,0.050665939755168435,0.08160948840906627,0.16261056242778668,0.20778477819692656,0.17793459108505577,0.24326615067069546,0.2218282240522338,0.2201316319936705,0.30191911134167493,0.05409430617073834,0.053796958353812444,0.18651427441642318,0.12054425846575226,0.15683892600409546,0.18903926584044417,0.12022616143225018,0.056905217329873165],[0.0669207310105128,0.08816459456851365,-0.036982350051403046,0.0,0.1432141044640383,0.16298794801406646,0.2366538340155137,0.22191308020370812,0.1925858325219499,0.2649948803264878,0.2542066124928261,0.26212817588108356,0.3403173313620318,0.1776461575883924,0.1741650703595298,0.24599456952146162,0.15599729464777792,0.21039001081306147,0.24852623901479906,0.15616908095836043,0.17982857270288738],[4.1997432698448467e-8,0.016705218303860615,0.050665939755168435,0.1432141044640383,0.0,-0.0009998996555805292,0.09593335700782052,0.27220750279691064,0.24396905177021078,0.31679692138547993,0.2715135088086163,0.23139972821851204,0.29049301920309517,0.02946354811042515,0.0016234707875794029,0.18091287935874914,0.1854527240148148,0.1887052230244123,0.18510032097367757,0.18474714628921904,0.026813568508625468],[-0.02227796397618858,0.06309784526106868,0.08160948840906627,0.16298794801406646,-0.0009998996555805292,0.0,-0.0364907905459404,0.2264611669694547,0.2206313109022017,0.3032655065969131,0.2077191357573175,0.17587380205154038,0.241081306243851,0.04782916520708942,0.04667693947518586,0.1277714473262228,0.182019107086104,0.15408692162408286,0.13096871409595,0.18155816476741823,0.04664825588802893],[0.06537375817809736,0.15370248693086402,0.16261056242778668,0.2366538340155137,0.09593335700782052,-0.0364907905459404,0.0,0.25705408411121683,0.258350192190746,0.3409329454550273,0.21996571975070733,0.18907417726776662,0.2622462761508974,0.17661296052675932,0.172881544109355,0.15780423513516445,0.24054786678172072,0.20341334301545627,0.1603183970115966,0.24093404646052727,0.17666810898065805],[-0.08686923403381956,0.2715135088086163,0.20778477819692656,0.22191308020370812,0.27220750279691064,0.2264611669694547,0.25705408411121683,0.0,-0.016199918538331942,0.09020864407701891,0.016568624864895642,0.06289910116386777,0.15257411836318105,0.40588098814460427,0.3673498739559471,0.1095599516799575,0.08221354923248213,0.039068895299621126,0.10905436196632837,0.08641345800879308,0.40332005930406145],[-0.052701814650328055,0.23246310084760863,0.17793459108505577,0.1925858325219499,0.24396905177021078,0.2206313109022017,0.258350192190746,-0.016199918538331942,0.0,-0.036982350051403046,0.05064049656375559,0.08284004976621394,0.1646815479075943,0.3709494631045916,0.3379990302601897,0.13551180643929486,0.060850834784092776,0.06370869958534724,0.1344227308473473,0.06270127469252151,0.36954121052691763],[0.0469133341593229,0.2910270449041389,0.24326615067069546,0.2649948803264878,0.31679692138547993,0.3032655065969131,0.3409329454550273,0.09020864407701891,-0.036982350051403046,0.0,0.14512162193869574,0.16413422870820638,0.23471985670724266,0.4320233444890445,0.40230214849389184,0.24351279640421533,0.16847087272561634,0.18985857743194468,0.2438638711274728,0.1699622220029672,0.4305690681339675],[-0.09981564876591091,0.27216648945248706,0.2218282240522338,0.2542066124928261,0.2715135088086163,0.2077191357573175,0.21996571975070733,0.016568624864895642,0.05064049656375559,0.14512162193869574,0.0,-0.0009998996555805294,0.09504643434692095,0.4056635481104357,0.366665703403712,0.07394146782799552,0.10642988926798976,0.03250026751702346,0.07361412951282481,0.10901457375650024,0.403013568508627],[-0.05209293129820753,0.2471327043208268,0.2201316319936705,0.26212817588108356,0.23139972821851204,0.17587380205154038,0.18907417726776662,0.06289910116386777,0.08284004976621394,0.16413422870820638,-0.0009998996555805294,0.0,-0.0364907905459404,0.3683114098898843,0.3353296464201055,0.05266778579914877,0.1387439433460199,0.05625714168729226,0.05048608416004894,0.1401005375462963,0.3661631534699186],[0.043570564447531004,0.3198684927802819,0.30191911134167493,0.3403173313620318,0.29049301920309517,0.241081306243851,0.2622462761508974,0.15257411836318105,0.1646815479075943,0.23471985670724266,0.09504643434692095,-0.0364907905459404,0.0,0.4266017713292507,0.3962656834229415,0.16322389872431362,0.244315587073215,0.1825363938244918,0.16317354248257354,0.24701681841226253,0.42376007139761496],[0.1341500812992432,0.032143852863902214,0.05409430617073834,0.1776461575883924,0.02946354811042515,0.04782916520708942,0.17661296052675932,0.40588098814460427,0.3709494631045916,0.4320233444890445,0.4056635481104357,0.3683114098898843,0.4266017713292507,0.0,0.02205020840019018,0.32010454752767037,0.31349435303735584,0.32350597557649474,0.32353898709798745,0.3124206292110272,-0.012500002502203948],[0.09510011227130996,0.01943010261446324,0.053796958353812444,0.1741650703595298,0.0016234707875794029,0.04667693947518586,0.172881544109355,0.3673498739559471,0.3379990302601897,0.40230214849389184,0.366665703403712,0.3353296464201055,0.3962656834229415,0.02205020840019018,0.0,0.2805974407270599,0.27409992280032835,0.28370023937225175,0.2856271343279609,0.2747939326334609,-0.003199800406396355],[-0.03391534663754669,0.19819763019530115,0.18651427441642318,0.24599456952146162,0.18091287935874914,0.1277714473262228,0.15780423513516445,0.1095599516799575,0.13551180643929486,0.24351279640421533,0.07394146782799552,0.05266778579914877,0.16322389872431362,0.32010454752767037,0.2805974407270599,0.0,0.12616932734811134,0.050584662559421345,-0.012500002502203948,0.1306046602350899,0.3164589491201695],[-0.03391534663754669,0.17260004829761622,0.12054425846575226,0.15599729464777792,0.1854527240148148,0.182019107086104,0.24054786678172072,0.08221354923248213,0.060850834784092776,0.16847087272561634,0.10642988926798976,0.1387439433460199,0.244315587073215,0.31349435303735584,0.27409992280032835,0.12616932734811134,0.0,0.05888475351017763,0.1306046602350899,-0.012500002502203948,0.3106129040203325],[-0.028906790895760353,0.19000968914542266,0.15683892600409546,0.21039001081306147,0.1887052230244123,0.15408692162408286,0.20341334301545627,0.039068895299621126,0.06370869958534724,0.18985857743194468,0.03250026751702346,0.05625714168729226,0.1825363938244918,0.32350597557649474,0.28370023937225175,0.050584662559421345,0.05888475351017763,0.0,0.05543077083260784,0.06342634726675732,0.32010022879838834],[-0.0321398097865932,0.20186516319505898,0.18903926584044417,0.24852623901479906,0.18510032097367757,0.13096871409595,0.1603183970115966,0.10905436196632837,0.1344227308473473,0.2438638711274728,0.07361412951282481,0.05048608416004894,0.16317354248257354,0.32353898709798745,0.2856271343279609,-0.012500002502203948,0.1306046602350899,0.05543077083260784,0.0,0.12972040105002133,0.3208518379810031],[-0.0321398097865932,0.1723001382112532,0.12022616143225018,0.15616908095836043,0.18474714628921904,0.18155816476741823,0.24093404646052727,0.08641345800879308,0.06270127469252151,0.1699622220029672,0.10901457375650024,0.1401005375462963,0.24701681841226253,0.3124206292110272,0.2747939326334609,0.1306046602350899,-0.012500002502203948,0.06342634726675732,0.12972040105002133,0.0,0.31064675385889956],[0.13150010169744328,0.030765076179559595,0.056905217329873165,0.17982857270288738,0.026813568508625468,0.04664825588802893,0.17666810898065805,0.40332005930406145,0.36954121052691763,0.4305690681339675,0.403013568508627,0.3661631534699186,0.42376007139761496,-0.012500002502203948,-0.003199800406396355,0.3164589491201695,0.3106129040203325,0.32010022879838834,0.3208518379810031,0.31064675385889956,0.0]],"maximums":[[0.0,4.199743275368206e-8,0.009324197352908459,0.22972272529582677,4.199743275368206e-8,0.009463242513196477,0.23064679661148174,-0.06955182621082895,-0.03195226362188586,0.12576369633866655,-0.08477250700859806,-0.03197787720227092,0.12866352446050022,0.13415008129924538,0.09510011227130888,-0.033915346637547195,-0.033915346637547195,-0.028906790895760058,-0.032139809786593754,-0.032139809786593754,0.13150010169744486],[4.199743275368206e-8,0.0,-0.01619991853833193,0.13503707844751572,0.03946932861560992,0.09226940834874324,0.2549158343801454,0.2715135088086128,0.2726207043210122,0.500388072996128,0.27436299252992064,0.2873803698553334,0.5168581013648414,0.03752166657271156,0.033257017969528464,0.2051940666022402,0.17260004829761508,0.19151503095670985,0.2071638083878253,0.17230013821125034,0.038336907892252706],[0.009324197352908459,-0.01619991853833193,0.0,-0.03698235005140296,0.07706758321294328,0.12973609628582253,0.2925158952305272,0.28084181138686226,0.27936308135766097,0.5115443714845245,0.2904731724631945,0.30875213456473416,0.53492873727659,0.06767363704285932,0.07085707881991032,0.23277341195853551,0.18240434207050082,0.21038855756913355,0.23431290478022454,0.18181389539483953,0.0704654409921299],[0.22972272529582677,0.13503707844751572,-0.03698235005140296,0.0,0.23281910586821952,0.2856191856013529,0.4587995963949537,0.5021128471470265,0.4956022930321316,0.7143233768841614,0.5158061157812961,0.5275828691027435,0.7490273605876909,0.27826952666485316,0.25489195163118344,0.4549850636280096,0.4093881267671995,0.4384220821353349,0.45705812918887473,0.405744252586033,0.2780761796495984],[4.199743275368206e-8,0.03946932861560992,0.07706758321294328,0.23281910586821952,0.0,-0.0009998996555804773,0.1388996225707335,0.2743680247001923,0.28307456709741435,0.5125969267307119,0.2715135088086128,0.2726034556934374,0.5015399779759935,0.02946354811042553,0.011595441211143948,0.181017870450717,0.19094583493901232,0.1889583439154914,0.18510593236242104,0.18906354288146876,0.02681356850862506],[0.009463242513196477,0.09226940834874324,0.12973609628582253,0.2856191856013529,-0.0009998996555804773,0.0,-0.03649079054594029,0.2949624842916017,0.3083128397709986,0.5351272240786024,0.2809895197965428,0.280567525878911,0.5049058925225719,0.060578138882509736,0.06439552094427729,0.19080935838937818,0.22622745452296072,0.20822479247746933,0.1946039604604266,0.22380024364146442,0.059079060304749756],[0.23064679661148174,0.2549158343801454,0.2925158952305272,0.4587995963949537,0.1388996225707335,-0.03649079054594029,0.0,0.5198196440599744,0.5325602904434186,0.7496714326525348,0.5003653514834866,0.5062821439450802,0.7335314939478113,0.2754821452306991,0.25092836402649954,0.4164305551096084,0.4467482830983692,0.437636999766728,0.41631793284144025,0.44548462028789604,0.2729182884596301],[-0.06955182621082895,0.2715135088086128,0.28084181138686226,0.5021128471470265,0.2743680247001923,0.2949624842916017,0.5198196440599744,0.0,-0.01619991853833194,0.1352753262689774,0.03905517391006875,0.09179651601094083,0.2549429139888793,0.40632918556346775,0.3681189277005051,0.1218422256159903,0.08221354923248292,0.046113538486041876,0.11863292251373561,0.08641345800879394,0.40394728056243934],[-0.03195226362188586,0.2726207043210122,0.27936308135766097,0.4956022930321316,0.28307456709741435,0.3083128397709986,0.5325602904434186,-0.01619991853833194,0.0,-0.03698235005140293,0.07665523476045061,0.12933280613287498,0.2925429748392611,0.41108888717878506,0.3745356221568226,0.15392726302519927,0.08420949443889503,0.07821966567692579,0.15050129606396098,0.08764761455517411,0.4090708365351081],[0.12576369633866655,0.500388072996128,0.5115443714845245,0.7143233768841614,0.5125969267307119,0.5351272240786024,0.7496714326525348,0.1352753262689774,-0.03698235005140293,0.0,0.24072304281239873,0.29248375059262227,0.4515004137095875,0.6428450774191047,0.6064151253963046,0.3582466251494883,0.31285708509207383,0.2856544437026919,0.35459974904330743,0.31725423801027924,0.6406792168834033],[-0.08477250700859806,0.27436299252992064,0.2904731724631945,0.5158061157812961,0.2715135088086128,0.2809895197965428,0.5003653514834866,0.03905517391006875,0.07665523476045061,0.24072304281239873,0.0,-0.0009998996555804739,0.13920041933249627,0.4056635481105196,0.36679690677509597,0.0741989522733005,0.11587960452886362,0.0339662793419413,0.0736282297244707,0.11629697628158327,0.40301356850862513],[-0.03197787720227092,0.2873803698553334,0.30875213456473416,0.5275828691027435,0.2726034556934374,0.280567525878911,0.5062821439450802,0.09179651601094083,0.12933280613287498,0.29248375059262227,-0.0009998996555804739,0.0,-0.0364907905459403,0.41009589369612126,0.3733767632063317,0.07585884838488467,0.15793029869889502,0.07237837262750704,0.07482993527971907,0.1572317626669446,0.4075040279608474],[0.12866352446050022,0.5168581013648414,0.53492873727659,0.7490273605876909,0.5015399779759935,0.5049058925225719,0.7335314939478113,0.2549429139888793,0.2925429748392611,0.4515004137095875,0.13920041933249627,-0.0364907905459403,0.0,0.6403797299042885,0.6048441107678864,0.3059101780987294,0.3646017454291219,0.28265355655442553,0.30275806987207426,0.36479350337624183,0.6366245021137368],[0.13415008129924538,0.03752166657271156,0.06767363704285932,0.27826952666485316,0.02946354811042553,0.060578138882509736,0.2754821452306991,0.40632918556346775,0.41108888717878506,0.6428450774191047,0.4056635481105196,0.41009589369612126,0.6403797299042885,0.0,0.022050208400189876,0.3201045475276735,0.3134943530373536,0.323505975576492,0.32353898709799006,0.31242062921101915,-0.012500002502203887],[0.09510011227130888,0.033257017969528464,0.07085707881991032,0.25489195163118344,0.011595441211143948,0.06439552094427729,0.25092836402649954,0.3681189277005051,0.374535622156