(full_convex_hulls:(averages:[[0.0,-0.004478836668187283,0.043211547653979665,0.26293691308029277,0.26598146286973656,0.3091927293855212,0.3303522229462615,0.37792077500510646,0.37708769956437505],[-0.004478836668187283,0.0,-0.022565278305493854,0.2308984998294302,0.23623480471435457,0.2820013680685539,0.31094525708495596,0.36018509779716024,0.3597463738625581],[0.043211547653979665,-0.022565278305493854,0.0,-0.021262214894310936,0.040440106290005086,0.14121344272371925,0.191833906771214,0.2466045589337705,0.24634816840573975],[0.26293691308029277,0.2308984998294302,-0.021262214894310936,0.0,-0.0038782868760140897,0.12640052071734176,0.1906389923178651,0.24999007468640333,0.2503820023800594],[0.26598146286973656,0.23623480471435457,0.040440106290005086,-0.0038782868760140897,0.0,-0.01572854414173938,0.06924958890874085,0.13458516907392207,0.13455322848100446],[0.3091927293855212,0.2820013680685539,0.14121344272371925,0.12640052071734176,-0.01572854414173938,0.0,-0.0038936180364223614,0.06343531414902161,0.06341640937297054],[0.3303522229462615,0.31094525708495596,0.191833906771214,0.1906389923178651,0.06924958890874085,-0.0038936180364223614,0.0,-0.012500007310058644,-0.0125000072879808],[0.37792077500510646,0.36018509779716024,0.2466045589337705,0.24999007468640333,0.13458516907392207,0.06343531414902161,-0.012500007310058644,0.0,0.04717267399998413],[0.37708769956437505,0.3597463738625581,0.24634816840573975,0.2503820023800594,0.13455322848100446,0.06341640937297054,-0.0125000072879808,0.04717267399998413,0.0]],maximums:[[0.0,-0.004473348392988893,0.05090455658733291,0.3196447628266175,0.38871920963508116,0.5139079067198639,0.5980551697165256,0.6635370983388876,0.6627728199955084],[-0.004473348392988893,0.0,-0.015997602086014643,0.2531902269293365,0.32151586423597356,0.4475207509576796,0.5340760198981087,0.6008672427364874,0.5998057723845431],[0.05090455658733291,-0.015997602086014643,0.0,-0.015998151398361787,0.052605504283567577,0.1846685026712561,0.27015497157344304,0.33889214854737615,0.33668213031091526],[0.3196447628266175,0.2531902269293365,-0.015998151398361787,0.0,-0.003865405550947155,0.13353963556257858,0.21853962653673484,0.28761005837805553,0.28731135600638186],[0.38871920963508116,0.32151586423597356,0.052605504283567577,-0.003865405550947155,0.0,-0.013246798229642405,0.07176068642661636,0.14055878135168826,0.14028485034553584],[0.5139079067198639,0.4475207509576796,0.1846685026712561,0.13353963556257858,-0.013246798229642405,0.0,-0.003880590447583533,0.0691844191376275,0.06923116883559047],[0.5980551697165256,0.5340760198981087,0.27015497157344304,0.21853962653673484,0.07176068642661636,-0.003880590447583533,0.0,-0.012500007277124553,-0.012500007255202547],[0.6635370983388876,0.6008672427364874,0.33889214854737615,0.28761005837805553,0.14055878135168826,0.0691844191376275,-0.012500007277124553,0.0,0.07604648854336031],[0.6627728199955084,0.5998057723845431,0.33668213031091526,0.28731135600638186,0.14028485034553584,0.06923116883559047,-0.012500007255202547,0.07604648854336031,0.0]],minimums:[[0.0,-0.00448115886253211,0.031743829744884274,0.15065245073880706,0.007437505889676896,-0.04336028691023023,-0.0603760882098722,-0.03112059049882974,-0.0288444761158132],[-0.00448115886253211,0.0,-0.028581572102522386,0.15551941237776196,0.009019294026335856,-0.03960560340365312,-0.05963899205623352,-0.0386199228300333,-0.03744519499570249],[0.031743829744884274,-0.028581572102522386,0.0,-0.023401644610706415,-0.005270618405518881,-0.04408380382146262,-0.052952228047664564,-0.0340684042317818,-0.005781274462857563],[0.15065245073880706,0.15551941237776196,-0.023401644610706415,0.0,-0.0038808661812851078,0.10481571004573523,0.1319875058861749,0.1593987464201047,0.16025588267355279],[0.007437505889676896,0.009019294026335856,-0.005270618405518881,-0.0038808661812851078,0.0,-0.01708038411379234,0.06791962034053661,0.13202067802419548,0.13202103991870023],[-0.04336028691023023,-0.03960560340365312,-0.04408380382146262,0.10481571004573523,-0.01708038411379234,0.0,-0.0039057192765585363,0.059600036798619714,0.05960003536978167],[-0.0603760882098722,-0.05963899205623352,-0.052952228047664564,0.1319875058861749,0.06791962034053661,-0.0039057192765585363,0.0,-0.012500007343392183,-0.01250000732073639],[-0.03112059049882974,-0.0386199228300333,-0.0340684042317818,0.1593987464201047,0.13202067802419548,0.059600036798619714,-0.012500007343392183,0.0,0.018454196406558526],[-0.0288444761158132,-0.03744519499570249,-0.005781274462857563,0.16025588267355279,0.13202103991870023,0.05960003536978167,-0.01250000732073639,0.018454196406558526,0.0]]),full_obbs:(averages:[[0.0,-0.004499997228384025,0.03644570596270333,0.24289033910977897,0.25094996602934055,0.29077607608239703,0.30378253664650773,0.3663896747019036,0.3685116216237337],[-0.004499997228384025,0.0,-0.02835429126568067,0.20527194178251726,0.215680639462251,0.25822915182613637,0.2745565573600724,0.3405738095880603,0.3426758041737516],[0.03644570596270333,-0.02835429126568067,0.0,-0.024487485021995548,0.032072531214511354,0.12871875829722,0.1665327364366744,0.23913342585894753,0.24058592512492075],[0.24289033910977897,0.20527194178251726,-0.024487485021995548,0.0,-0.004500131713464378,0.11548075047873393,0.15890910559414073,0.2343327612863465,0.23589512774565807],[0.25094996602934055,0.215680639462251,0.032072531214511354,-0.004500131713464378,0.0,-0.017613743655908096,0.06738623169353444,0.13246448085022083,0.1324403756252202],[0.29077607608239703,0.25822915182613637,0.12871875829722,0.11548075047873393,-0.017613743655908096,0.0,-0.004500154454317677,0.05968808522614235,0.059678504151553714],[0.30378253664650773,0.2745565573600724,0.1665327364366744,0.15890910559414073,0.06738623169353444,-0.004500154454317677,0.0,-0.012500025676161701,-0.012500025655942682],[0.3663896747019036,0.3405738095880603,0.23913342585894753,0.2343327612863465,0.13246448085022083,0.05968808522614235,-0.012500025676161701,0.0,0.04732204650345932],[0.3685116216237337,0.3426758041737516,0.24058592512492075,0.23589512774565807,0.1324403756252202,0.059678504151553714,-0.012500025655942682,0.04732204650345932,0.0]],maximums:[[0.0,-0.004499997228384019,0.04878359536865839,0.31782696171655184,0.3828555375491758,0.5118071647917771,0.5880318258133684,0.6686206312410663,0.6557358017821494],[-0.004499997228384019,0.0,-0.016016401859725637,0.25302696448816786,0.31805554032079175,0.4469846799375437,0.5235746222864741,0.6038269149405324,0.5909358045537654],[0.04878359536865839,-0.016016401859725637,0.0,-0.01602416680281582,0.050795276998272076,0.18273953867760862,0.26797432362054796,0.33591249140745133,0.3380377505627509],[0.31782696171655184,0.25302696448816786,-0.01602416680281582,0.0,-0.0045000651815956735,0.13316074487580634,0.21814789380736097,0.28543287453405164,0.28644044050425504],[0.3828555375491758,0.31805554032079175,0.050795276998272076,-0.0045000651815956735,0.0,-0.013332346535682537,0.07166750987538563,0.13893286609462518,0.13994054025885744],[0.5118071647917771,0.4469846799375437,0.18273953867760862,0.13316074487580634,-0.013332346535682537,0.0,-0.004500095337622927,0.06228805830932539,0.06242434039106695],[0.5880318258133684,0.5235746222864741,0.26797432362054796,0.21814789380736097,0.07166750987538563,-0.004500095337622927,0.0,-0.012500025643137055,-0.012500025623382559],[0.6686206312410663,0.6038269149405324,0.33591249140745133,0.28543287453405164,0.13893286609462518,0.06228805830932539,-0.012500025643137055,0.0,0.07403935845670756],[0.6557358017821494,0.5909358045537654,0.3380377505627509,0.28644044050425504,0.13994054025885744,0.06242434039106695,-0.012500025623382559,0.07403935845670756,0.0]],minimums:[[0.0,-0.0044999972283840325,0.02959647267236865,0.12971334322156214,-0.004869419360031269,-0.07171768272726217,-0.09206537793880563,-0.0435508570122484,-0.053448123631845125],[-0.0044999972283840325,0.0,-0.035203524556015345,0.15326432725723071,0.00849253853041685,-0.059321334283101844,-0.08047333969881616,-0.030344668689214933,-0.03161686167993052],[0.02959647267236865,-0.035203524556015345,0.0,-0.028553858032556747,-0.00842633132427642,-0.05528460965007027,-0.05673274046276386,0.012933890452528827,0.0009633061811425935],[0.12971334322156214,0.15326432725723071,-0.028553858032556747,0.0,-0.004500156174184769,0.09846046598185815,0.06630185511155086,0.13223278273993552,0.12470667104622761],[-0.004869419360031269,0.00849253853041685,-0.00842633132427642,-0.004500156174184769,0.0,-0.019676832660434605,0.06532310307763813,0.12942599320967135,0.1294232599428179],[-0.07171768272726217,-0.059321334283101844,-0.05528460965007027,0.09846046598185815,-0.019676832660434605,0.0,-0.004500171797613961,0.059599873520283723,0.05959980289296253],[-0.09206537793880563,-0.08047333969881616,-0.05673274046276386,0.06630185511155086,0.06532310307763813,-0.004500171797613961,0.0,-0.012500025709604574,-0.012500025689079063],[-0.0435508570122484,-0.030344668689214933,0.012933890452528827,0.13223278273993552,0.12942599320967135,0.059599873520283723,-0.012500025709604574,0.0,0.01848084190030741],[-0.053448123631845125,-0.03161686167993052,0.0009633061811425935,0.12470667104622761,0.1294232599428179,0.05959980289296253,-0.012500025689079063,0.01848084190030741,0.0]]),full_bounding_spheres:(averages:[[0.0,-0.07968052895388616,-0.01732915209391435,0.22444909481812209,0.2147665770596363,0.2708981709127723,0.2637777920341334,0.34326584384481784,0.3421765837877026],[-0.07968052895388616,0.0,-0.0464023900718692,0.19687043473729834,0.19017444532395725,0.2513531254682702,0.24853291415568027,0.33201376643148317,0.33126563335821985],[-0.01732915209391435,-0.0464023900718692,0.0,-0.19916624424074547,-0.15397069957828027,-0.03863448737922468,-0.01841081233682043,0.0793966727517336,0.07991753990377956],[0.22444909481812209,0.19687043473729834,-0.19916624424074547,0.0,-0.015715790119457167,0.10794411498968226,0.13121082171556014,0.2308272467953986,0.23172653478645677],[0.2147665770596363,0.19017444532395725,-0.15397069957828027,-0.015715790119457167,0.0,-0.03621796555933025,-0.004512810261597485,0.10235582116420096,0.10271361525833464],[0.2708981709127723,0.2513531254682702,-0.03863448737922468,0.10794411498968226,-0.03621796555933025,0.0,-0.06548312254200354,0.04554339122207484,0.045551163951906636],[0.2637777920341334,0.24853291415568027,-0.01841081233682043,0.13121082171556014,-0.004512810261597485,-0.06548312254200354,0.0,-0.05349649953679412,-0.054999493404228585],[0.34326584384481784,0.33201376643148317,0.0793966727517336,0.2308272467953986,0.10235582116420096,0.04554339122207484,-0.05349649953679412,0.0,-0.013249828324716063],[0.3421765837877026,0.33126563335821985,0.07991753990377956,0.23172653478645677,0.10271361525833464,0.045551163951906636,-0.054999493404228585,-0.013249828324716063,0.0]],maximums:[[0.0,-0.0795575059680694,0.005107979591919387,0.26232810399204903,0.33593242557864494,0.46909726579869837,0.5068844999857953,0.6181183211191674,0.6159007157182016],[-0.0795575059680694,0.0,-0.037242876814245984,0.22000365407613112,0.29347321474186794,0.42686752831094155,0.46483408882236954,0.5759228521230234,0.5747913991218645],[0.005107979591919387,-0.037242876814245984,0.0,-0.18953911060961154,-0.1159307318601685,0.017860430879432287,0.05585502849156848,0.16900048923430855,0.16840722492336846],[0.26232810399204903,0.22000365407613112,-0.18953911060961154,0.0,-0.01568282297101574,0.12060978464758337,0.15886220218081082,0.27137399893970654,0.27161858886766116],[0.33593242557864494,0.29347321474186794,-0.1159307318601685,-0.01568282297101574,0.0,-0.026208847195296175,0.012057465618686786,0.12488762946939778,0.12503081638349145],[0.46909726579869837,0.42686752831094155,0.017860430879432287,0.12060978464758337,-0.026208847195296175,0.0,-0.0651319302366312,0.0516778972785691,0.05167191508302203],[0.5068844999857953,0.46483408882236954,0.05585502849156848,0.15886220218081082,0.012057465618686786,-0.0651319302366312,0.0,-0.045380619421363386,-0.047507922742448014],[0.6181183211191674,0.5759228521230234,0.16900048923430855,0.27137399893970654,0.12488762946939778,0.0516778972785691,-0.045380619421363386,0.0,0.015492794237199084],[0.6159007157182016,0.5747913991218645,0.16840722492336846,0.27161858886766116,0.12503081638349145,0.05167191508302203,-0.047507922742448014,0.015492794237199084,0.0]],minimums:[[0.0,-0.07975682224536776,-0.06586425590488751,0.13891606919234545,-0.006728491857063701,-0.08241996496414258,-0.14138444208366138,-0.07470091955266953,-0.09644923751166565],[-0.07975682224536776,0.0,-0.06643430763355321,0.14889136484423612,0.00332719673979881,-0.062025404053361,-0.12607230587808507,-0.0654814085892313,-0.05001315834922152],[-0.06586425590488751,-0.06643430763355321,0.0,-0.2237367562809261,-0.21649706621042847,-0.12824360306170451,-0.14401543360630953,-0.09531423338924824,-0.10531782611635529],[0.13891606919234545,0.14889136484423612,-0.2237367562809261,0.0,-0.01577132295207251,0.07925575179256877,0.0752315158762934,0.1349253569791942,0.13110170935196888],[-0.006728491857063701,0.00332719673979881,-0.21649706621042847,-0.01577132295207251,0.0,-0.05962609971564005,-0.03767279612212884,0.0543132535934298,0.055507091060556],[-0.08241996496414258,-0.062025404053361,-0.12824360306170451,0.07925575179256877,-0.05962609971564005,0.0,-0.06570374091876185,0.04175379401847977,0.04174894023761895],[-0.14138444208366138,-0.12607230587808507,-0.14401543360630953,0.0752315158762934,-0.03767279612212884,-0.06570374091876185,0.0,-0.05975600434206735,-0.06072123536436334],[-0.07470091955266953,-0.0654814085892313,-0.09531423338924824,0.1349253569791942,0.0543132535934298,0.04175379401847977,-0.05975600434206735,0.0,-0.04075148031952278],[-0.09644923751166565,-0.05001315834922152,-0.10531782611635529,0.13110170935196888,0.055507091060556,0.04174894023761895,-0.06072123536436334,-0.04075148031952278,0.0]]),decomposition_convex_hulls:(averages:[[0.0,0.0,0.08548031747341156,0.0,0.0,0.0,0.0,0.04690976089170338,0.04711880796048006,0.05369656747829192,0.04522476478103024,0.09087479884573886,0.09937468663626046,0.06482984804636104,0.04778615460605092,0.05169743705197273,0.0800607090076719,0.057936206180427434,0.05836534872186949,0.3143749299363677,0.13507600597785127,0.2427326147605796,0.10097440986692569,0.11190670459095368,0.10109953499952969,0.11016355637604183,0.13410687907267688,0.1354007426214921,0.2583616359289276,0.25988812193261296,0.32390200270542907,0.3371525191888531,0.3234900176706305,0.3372130549218642,0.3302905138138783,0.3407431516468009,0.3459911748547453,0.36742168941926007,0.34877233413781306,0.37970846688148113,0.3494779879361418,0.34512303468023325,0.35037661933493053,0.34984432103305013,0.34800020156955785,0.3474384603054087,0.3660594948554572,0.3613035493944074,0.35807797430447147,0.36421000289959987,0.3846142001195398,0.3663266928353784,0.3793678366386481,0.3812464799096803,0.3769707464443581,0.38115162550962534,0.37348923307068266,0.37602283451028534,0.38780040167487245,0.4065753080132683,0.37983389258032757,0.37716709500496126,0.3830088770908824,0.38756300111951814,0.40183746816677685,0.3983271014185114,0.4091527028439542,0.41097957998104084,0.39977545926818386,0.39187718328021715,0.3929865621093841,0.4003250590766607,0.416135531403584,0.42176775750923684,0.4291122768348317,0.437077178489692,0.4274698906167841,0.4267786919394926,0.42697375253430275,0.42654158592564567,0.43864522154447727,0.43851108432882513,0.43834619764467986,0.4396663562889639,0.43945073495621373,0.43820232080213783,0.4285221475549993,0.4372432536419984,0.42603756604290277,0.42596886829070457,0.42675970427989307,0.42686938304972216,0.43702598201579956,0.4367333215949447,0.437518993521926,0.43892147363605827,0.4396983793492347,0.4388628637938666],[0.0,0.0,0.09198425337672234,0.006503935903310776,0.006503935903310776,0.0,0.0,0.05866065747586237,0.058210069267488625,0.025012748590139338,0.0034829625717786965,0.045612355107020934,0.06251441920157713,0.05037224847262245,0.01507547045558889,0.019206994175287505,0.035306543184870275,0.03175509670449581,0.03228479725750924,0.28602086368718416,0.09542370792561766,0.21058975994709453,0.06394255577768797,0.07251314732132257,0.06479864725092253,0.06953679108480976,0.09412984522518335,0.09632300257693178,0.2276024145500309,0.22938189806825482,0.29439711102946925,0.3080447763586551,0.2939200131623764,0.30806580019197694,0.30115672705167396,0.3122157364414251,0.31756511941554033,0.3396937470798335,0.3209797867919,0.3560656605544465,0.3218463249022215,0.317287388195964,0.3238836225722659,0.32324776089471685,0.3214034720377815,0.3207336202975741,0.34028447023625114,0.3352956334462346,0.3326065415428127,0.33937773502194096,0.36108894168542605,0.34240862741846234,0.35609009168609423,0.35810600939611575,0.3545666162352235,0.3592233641974905,0.35081775070885685,0.3540790830924457,0.3665790690637631,0.38597963353990156,0.35653018201338493,0.35491351803266824,0.3610981354906124,0.36579036289636163,0.3832956472945853,0.37765953492579485,0.3912744359002814,0.3929728825424327,0.3800553118923114,0.37200216562542987,0.3754747761580707,0.3837406750524312,0.3982185993332057,0.4045822655789373,0.4126709839719867,0.4209413761006446,0.4103394020537114,0.4096080404220864,0.4097914876302918,0.4094203057874362,0.42249629393696847,0.4226864801445073,0.4222090369803987,0.423972129104323,0.42356620574514875,0.42239140731277697,0.4119221096915761,0.4209556974214907,0.4087370523422254,0.4086341355405241,0.4094283341800742,0.4096100417581188,0.4206989168196126,0.4207457255124991,0.4212131279643928,0.42308682549519794,0.4236519630408273,0.4228650257512628],[0.08548031747341156,0.09198425337672234,0.0,0.0,0.0,0.043262134459224326,0.04315224197558151,0.0,0.0,0.05462847142709208,0.045175196776792076,0.09090667163542512,0.09875412030137284,0.05501607874173093,0.04861050387585093,0.051694303232528264,0.08006840114010383,0.06770051974425786,0.06760090974265126,0.31356911640020235,0.13498942613307174,0.2420293947267055,0.1015098546569392,0.11144370890438098,0.1005458874310178,0.10932319932219184,0.13379915724011288,0.13495905041836345,0.2576037348223858,0.25898018830490277,0.32292236440101896,0.3362200941083975,0.32285558720729685,0.33660162931514814,0.32904459167368655,0.3396465644029846,0.34329093822600554,0.36428772504721335,0.34504621794842083,0.371336205777093,0.34559507090723657,0.34141734982965044,0.34525496846426484,0.344789183959013,0.3426276047045394,0.34215653500795135,0.35955312483041474,0.3548827318787882,0.3511067150568945,0.35657529906145363,0.3761345419002727,0.35796360571659863,0.37057663201157387,0.3726734245919892,0.36790503989517426,0.3717732487073178,0.36456769043091936,0.3666745262960857,0.37801853244037625,0.3969000184597469,0.3712465475580787,0.3681074716043416,0.37380097200690526,0.37810804634316414,0.391801112875919,0.38842372970491207,0.3992276703686731,0.4011086432411923,0.389823266744986,0.3818338959954722,0.38308391275928416,0.39049395492801786,0.4061836331194895,0.41169990313141225,0.4190759085072875,0.4270070562887862,0.41743472099753065,0.41673021744984085,0.4169210932891381,0.41649920178292205,0.4286015076915526,0.428345235418436,0.42827670705665377,0.42949896449908614,0.42922316730234483,0.4280338085528653,0.4182746420088981,0.4270368647618375,0.41583016918983223,0.41573254327349407,0.41652250523818984,0.41663770480885876,0.4268062397883301,0.4265361373674607,0.4272873211515879,0.42867872593876244,0.429377292370201,0.42860539399070463],[0.0,0.006503935903310776,0.0,0.0,0.0,0.0,0.006173994975899492,0.0,0.004245258742235292,0.045771012225354755,0.04499882034766499,0.08938858212828446,0.08947666407951543,0.04774761183850522,0.04661299355253589,0.04984133990407002,0.0788964584648597,0.0512225745423442,0.05086086199215673,0.30706277346600097,0.12792688441109898,0.23539275803233384,0.09188882381014243,0.1045507670499129,0.09014709726242136,0.10390298431166636,0.12731558295328962,0.12741392422016484,0.250730176707432,0.2511955408525204,0.3151142839095802,0.3285843602143604,0.3156560316289132,0.3294574410135968,0.32283255804294436,0.33286914838748594,0.3370516195282151,0.358260267991372,0.3393394012066541,0.36768634243370646,0.3398984284428438,0.335697112199088,0.3400571779138834,0.33958092999151823,0.3375810424673397,0.33710045662867916,0.3551222653311183,0.350516021061878,0.3470006442907889,0.3527541960559038,0.3723537737377615,0.35437273112450063,0.3671359626101031,0.36917978059952405,0.36448007012631356,0.36843233464381386,0.36114818042838537,0.3632963224649138,0.37476517516968605,0.39349455352080853,0.3674919419836699,0.36445233134775723,0.37018337582751976,0.3746491995251206,0.38799440244937583,0.3850740577950555,0.39521543727859343,0.3972103564999021,0.38636590744010596,0.3784189974234125,0.3789996427250084,0.3862414669992467,0.4023262473565272,0.4077917546401379,0.41483955006128553,0.42278110366855465,0.4133680149880444,0.41267469432390946,0.4128688254972197,0.4124250424972951,0.4243602945107917,0.4240657536166031,0.4240463564106279,0.42523312805806246,0.4250236854027537,0.42377599294748836,0.4143233665230331,0.4230406315472056,0.4120264710022234,0.4119462897864641,0.4127419175715072,0.4128360934914127,0.42283227695360986,0.42244113162850966,0.4233176414510708,0.4245942596985658,0.42533124602525235,0.424546658847402],[0.0,0.006503935903310776,0.0,0.0,0.0,0.002361053420020429,0.0,0.007762286193005796,0.0,0.04499882034766499,0.044998820347664996,0.08938858212828446,0.09031551430231409,0.04769884999792136,0.04661299355253589,0.04984133990407002,0.0788964584648597,0.05111653811682843,0.05136356253689548,0.30715154706790654,0.12739764845348234,0.23545842447694373,0.09080687385454385,0.10405462055378903,0.09140848384483545,0.10415208795570297,0.12738473274959666,0.12793456522314933,0.2507540204993192,0.2518554651050157,0.3160449090278651,0.32932998189978147,0.3149782229828895,0.3287975798559169,0.322795616547734,0.33286887584137886,0.337070342690751,0.3582515056680328,0.33917584555401764,0.367381857006209,0.3399853159573534,0.33565912786024243,0.34010562263226757,0.33947945341141644,0.33759534507774225,0.3369558932163236,0.35519698964898666,0.35042786362473316,0.3469604005367209,0.35271255245313016,0.37252899750589263,0.35432033564131804,0.3668084443720719,0.368840371946044,0.3641199640790975,0.3680559729930843,0.3610195918389623,0.36315894762364,0.37469735122663683,0.3933788969204431,0.3676445338144773,0.3645838004300277,0.37023585397727554,0.374725822464658,0.3878815063078717,0.38498005316713496,0.3951441745096349,0.3970542592380582,0.38623556379952895,0.3782796228458329,0.3787705761407052,0.3859659345932379,0.40199963453797677,0.4074279674498253,0.41487535390972696,0.42280421085490494,0.4133647578003376,0.4126661317469738,0.4128600635655167,0.41241618727764123,0.42440085470876165,0.42418199099228737,0.42408714795711916,0.42533823070869503,0.4251080265944914,0.4238625178926864,0.41405809403844046,0.4228206924196344,0.41172639909249714,0.4116512864367155,0.4124603080248043,0.4125676976586417,0.42256393348732696,0.4222828482522278,0.4230755094021864,0.42445985713146883,0.4252073800871488,0.4244049587331194],[0.0,0.0,0.043262134459224326,0.0,0.002361053420020429,0.0,0.0,0.0,0.06437467022620949,0.019259962225982127,-0.0003217537383725244,0.045517905944260195,0.05328855941817105,0.03336465221525773,0.005471509042246453,0.009427734805740471,0.03464427037814468,0.025237037604961876,0.021219696817007878,0.28144092432261636,0.09339223059306179,0.2064857100487932,0.06222266571035366,0.07094025074883678,0.054906696896451904,0.06599017138760496,0.09111688809925422,0.09136087348151507,0.2233172910320828,0.22385249553853137,0.2885637396142471,0.30243174709657555,0.2900067352342802,0.3040649895558542,0.29668332358048344,0.3074413581423385,0.31226615622336923,0.3341781923404148,0.3154256984335999,0.34859625946366996,0.31595441364230115,0.3116438100593097,0.31749443415906037,0.31706223164274167,0.3149605104217064,0.31450364894131005,0.3333806960992838,0.32866971122558664,0.32572395179402186,0.3322031300291308,0.35312874526121235,0.33484087261340284,0.34846710191314,0.35055257279500934,0.3466937755645599,0.3511742730213644,0.3428878420149142,0.34588534782171887,0.35804132327802174,0.3774234282414599,0.348496135830658,0.3465358500762332,0.35267944930323847,0.3572953399237461,0.37414736066678433,0.36900531248608254,0.3820104528466599,0.38364335193049365,0.37121848147262787,0.3631910220896325,0.366057268042387,0.3741524653769707,0.3890087052511946,0.395246537885886,0.40304389452046974,0.411250062349616,0.4008970206009803,0.40015052657431066,0.4003174537235124,0.39991329507602236,0.4128536805763187,0.4129602165163272,0.4125405677977585,0.41423467318148205,0.4138271094629814,0.41262108438580786,0.40246116624845296,0.41143870998471,0.39939583120862193,0.39929593516563294,0.4000899675269537,0.40026207270973946,0.4111815456974132,0.4111768012053336,0.4116995142673355,0.41349476249753603,0.4141058256822361,0.41333393006305097],[0.0,0.0,0.04315224197558151,0.006173994975899492,0.0,0.0,0.0,0.06706518918685427,0.0,0.007861917466458722,0.00025786748272868944,0.04573782996062976,0.060669120572721565,0.03333290234808751,0.005976424280461257,0.010282354707417866,0.03491412159085047,0.022508263827101797,0.027169557806804245,0.28170090247425933,0.09131104003260303,0.20657277607836352,0.055347743585387375,0.06757286361435408,0.06288685852575963,0.06845586057885526,0.09167325522238627,0.09418855299059944,0.22324251951213772,0.22538072778410065,0.29061427455424893,0.30412207843994093,0.2884723026756803,0.30266571470351356,0.296815697724134,0.3076396192615018,0.31250645670914134,0.3344160873272662,0.3154087285031092,0.34853182016075823,0.3164635178781365,0.31187345348435913,0.3178999760723476,0.31713282925622105,0.31536828353636776,0.3145649792627671,0.33397316888453366,0.3288853274736341,0.3260112278338114,0.3325204314510177,0.35395518374333323,0.33517758459134256,0.348403336857633,0.3504445121879585,0.3465539387663599,0.3509878083703366,0.3431414924743727,0.3460372516461923,0.3583590246468982,0.3775459757720461,0.3493215780936426,0.3472880597603297,0.3532807071541585,0.35790941839642604,0.37411821704098003,0.3692041329024861,0.38212091647302976,0.38380561121549417,0.3712992922165561,0.3632699035483518,0.36613337114157213,0.3743445313395452,0.38888522599735614,0.3951059637985862,0.40334519318653844,0.41162536454179705,0.4011158110159105,0.4003898028951556,0.4005958601202129,0.40023431491559014,0.4131403479318001,0.413286361290692,0.4128752688837757,0.4145855120570196,0.4141831821025514,0.41306277434508104,0.4022926828599768,0.4113382277191501,0.39930195744826286,0.39918150912103784,0.3999783872793198,0.4001417738508189,0.41109174900832035,0.41110246664273103,0.4116058081195688,0.41341236106255214,0.4139740636981615,0.4132206082734491],[0.04690976089170338,0.05866065747586237,0.0,0.0,0.007762286193005796,0.0,0.06706518918685427,0.0,0.0,0.019025435452960582,-0.00016914128146065067,0.04540094109227864,0.052974518197701846,0.021736869335945853,0.006488664458667078,0.008944120987975611,0.0345731667426615,0.03594208047181153,0.03348313712354456,0.280603108746847,0.09308175326870718,0.2056436521079619,0.06206229746027896,0.07010462454992306,0.05455470467789977,0.06500361391219747,0.09078920430202778,0.09097278791243268,0.22249930468858808,0.2229995946774064,0.2876827255247513,0.30156906960341084,0.28929091027476156,0.3033973065773353,0.2956575468913783,0.3065590643478591,0.31041830080931393,0.3321249988023449,0.31307311851674835,0.3437690190448714,0.3134573417759571,0.3092527887880603,0.314331283839174,0.3139746336750687,0.31161118770736146,0.31126495423740286,0.32947207227190073,0.32485117049376405,0.3215767919283011,0.3276911429400876,0.34805489001058537,0.32988225481846983,0.3433350660645314,0.3456011893833293,0.3413438238571815,0.34566155132211007,0.3375181442147471,0.3402353680409118,0.35216581673328906,0.3716259726731511,0.34333939466607455,0.3410669666260868,0.3471120210991191,0.3515273104003623,0.36808669192012744,0.3630400820189138,0.3760631881081161,0.3778986743769823,0.36533499122348845,0.3572132350256205,0.36021925871692717,0.36839204060811315,0.3832499015259128,0.3894585203658045,0.3970691197882772,0.4052831729266897,0.39491757191697574,0.3941695623449663,0.39434382873648777,0.3939551902767231,0.40687273281759384,0.40695976354857855,0.4065585670307826,0.4082260428735596,0.4078053815868778,0.4066459446238098,0.39647979445583137,0.4055049280292187,0.3934692915899826,0.39335474011776783,0.3941436430952155,0.394307099429438,0.4052587027526266,0.4052729076313269,0.40577199696465194,0.40753377103983107,0.40808483079892544,0.4073877726254098],[0.04711880796048006,0.058210069267488625,0.0,0.004245258742235292,0.0,0.06437467022620949,0.0,0.0,0.0,0.009980055816746625,0.00001690793002497,0.04505626042509693,0.05854732467523735,0.019590800872094923,0.005719550738066842,0.007869760458395443,0.03418674399097946,0.033775416227991975,0.03586074439037478,0.27922712610298067,0.0899110527367949,0.2043100142153112,0.05512037449736586,0.06603760284207208,0.060955737132838736,0.06625362617369067,0.09001733698668193,0.0924632952947344,0.22079878349196166,0.22292064614836396,0.2881054660482768,0.3016123015831794,0.2862876352995798,0.3004559792380228,0.29411807783529187,0.3050769994305668,0.30897667104330273,0.3306256889163645,0.31125881272006817,0.3415860927412832,0.3122327097734558,0.30774067683822326,0.31295362961692813,0.31219741502400744,0.3102812820726168,0.30947280872010646,0.32822632431702525,0.3231488517442156,0.3199780095484141,0.3260974745109014,0.34710561745022694,0.3283211669583753,0.3411840076241158,0.3433942618847523,0.33931907553085755,0.3436587685996326,0.3359802580645797,0.3387513105535584,0.35085528069464195,0.3702663169300492,0.3423860213852414,0.34014055126875525,0.34606808231290015,0.35054875856756035,0.3668377908556421,0.36173002164757984,0.37487719074877823,0.3764905337082323,0.36384253238989617,0.35578362917445494,0.35896313929876617,0.36726299016354513,0.3816054415387684,0.387835473893116,0.3962658274866102,0.4045370150775326,0.39399308912896175,0.39324740702774924,0.393442947689434,0.3930888091337816,0.4060706470593789,0.4062119903162168,0.40579426923389883,0.4075274738435457,0.40706270653801063,0.4059669699449549,0.3950956721953492,0.4041544058459563,0.3920793793720756,0.39191430292732227,0.3926880405939795,0.39284212810418523,0.4039830143653464,0.4041008996898593,0.40446532363011173,0.4063635907809809,0.406857549611338,0.4060912104172137],[0.05369656747829192,0.025012748590139338,0.05462847142709208,0.045771012225354755,0.04499882034766499,0.019259962225982127,0.007861917466458722,0.019025435452960582,0.009980055816746625,0.0,0.0,0.04277558857575059,0.06644631688054949,0.02098425105214119,0.0007218797731941581,0.003228346351534128,0.032283464912325144,0.011751357428296543,0.026937837365991073,0.26856062087418703,0.07960133855132644,0.19386478867353538,0.043844751598365025,0.05676964569874753,0.06990894238553742,0.06191642007728616,0.08252257759992702,0.08904901841598721,0.2101467442812155,0.21399064906072665,0.28012313921201515,0.29313311279012405,0.2744671513282927,0.28874605169092327,0.28394094889259347,0.29476899596077316,0.2992961153794694,0.32097427917548466,0.3016461595534426,0.3338974010264735,0.3033126890693065,0.29842140491541197,0.304324407499061,0.30314487063059814,0.3017794501130833,0.3005055322150032,0.320256744121655,0.31469769599008807,0.3119352542752588,0.31838471269668395,0.340537519049946,0.32101972152378494,0.3338424985444401,0.33608449376638894,0.33261944223611123,0.33742373641024004,0.32949262915212335,0.33286218243802634,0.3456211320906264,0.36548032077091547,0.33604185927038727,0.33444441578858075,0.3405453143076547,0.34517513343749984,0.36379607590456653,0.35698538021284376,0.37219531136752476,0.3735328646919618,0.35981948300456335,0.3518058886872335,0.3564889253215762,0.3654674763081219,0.37862417225816336,0.3852822050105875,0.3946014724815386,0.40299008207040776,0.39189131065191346,0.39112220143842125,0.3913095907596762,0.3909943062359686,0.4045235158590259,0.40480315800772165,0.40424228141346613,0.40617704532361293,0.40559809087210724,0.4045452531699243,0.39307569984178115,0.4022846906432039,0.38954921870288606,0.38938375465087954,0.3901509761514314,0.3903578642527372,0.4020456629049311,0.4022599561081113,0.40255536436389394,0.40465672031247657,0.4050887418787574,0.4043159274234873],[0.04522476478103024,0.0034829625717786965,0.045175196776792076,0.04499882034766499,0.044998820347664996,-0.0003217537383725244,0.00025786748272868944,-0.00016914128146065067,0.00001690793002497,0.0,0.0,0.04277558857575059,0.04277558857575059,0.0,0.0,0.003228346351534128,0.032283464912325144,0.003228346351534128,0.003228346351534128,0.26343260418294273,0.0790146149262437,0.1893870852166605,0.043867434437901524,0.05655747932761561,0.043174621625640064,0.056557312016221974,0.07901321679366784,0.07901444392178635,0.20533311175285238,0.20577903332339348,0.2707774111522361,0.28446024845455525,0.270556912370001,0.28464541204437865,0.2788906196768085,0.28907492965808723,0.29307801917968684,0.3147385380621037,0.2956243671050099,0.32740100549437734,0.2963663355460975,0.2920267056561831,0.29731036382113163,0.296715567880005,0.2947129468578917,0.2941039531690428,0.3130079949945634,0.3082053620038033,0.30521348191291714,0.3115588704357332,0.33247848507202354,0.3140219760236278,0.32723668077725615,0.3294921470500692,0.3255823724392878,0.3301283901523453,0.3220020358560553,0.3250254333103303,0.337359722909198,0.3568835181957397,0.32784695957012316,0.32586764580315497,0.3319884767829408,0.3366269213896439,0.35405026722871863,0.34838306250182377,0.3619417919390894,0.3637352673354557,0.3506743253921571,0.3426873851233359,0.34624812752489553,0.35479382000275006,0.36912636762973006,0.3756120164928148,0.3837571773575656,0.39205164509691715,0.38130720071541835,0.38056484678064617,0.3807526722797777,0.3804085160910369,0.39359070883146835,0.39373070449414604,0.39330412102549095,0.39506964961057395,0.39460933445123114,0.39345267302146164,0.3830500590158011,0.39216169942169987,0.37972965726409175,0.3795652701091244,0.3803276877468465,0.38049143118211287,0.39193236814144794,0.39199533736275116,0.39243344361800137,0.394327535566525,0.39478395804825406,0.39406145460839836],[0.09087479884573886,0.045612355107020934,0.09090667163542512,0.08938858212828446,0.08938858212828446,0.045517905944260195,0.04573782996062976,0.04540094109227864,0.04505626042509693,0.04277558857575059,0.04277558857575059,0.0,0.0,0.03975259857074038,0.03954724222421646,0.010492123663425446,0.0,0.004035431891679764,0.004035431891679764,0.23746560536920677,0.02858309223871999,0.1588507771699661,-0.005001987875835054,0.001589411875721192,-0.00008405273276504673,0.001719073597420225,0.028589255898440462,0.028640706626104292,0.17681158680300754,0.17686895977476133,0.2405045669479808,0.25516284082890395,0.24031314319595326,0.2551799458311754,0.25054558990900794,0.2614363587523484,0.2654982608568819,0.28826247892415474,0.26890657884778496,0.3073266131702598,0.2696669276862077,0.26525488567630123,0.2725184491399523,0.27186239099773685,0.2697694598559827,0.26909464999176325,0.28925504735917384,0.28422753987055305,0.28196795113803225,0.2893879526598364,0.31239786746281806,0.2935146253578778,0.307559177674727,0.3099933345127742,0.3070747390204137,0.31205108675280563,0.3033945742343179,0.30701690762911865,0.32015995499801186,0.34057378827770285,0.308104518242796,0.3074996394396649,0.31397840777356967,0.3187749431425167,0.34076087472077243,0.3318591127036891,0.3494154573115727,0.351022693172478,0.33525543736023294,0.3272233553747988,0.3344586844594826,0.34424419826425984,0.35636652982394784,0.363701237132973,0.3732052471853669,0.3818530208286275,0.3697709581932557,0.36894827853734186,0.36909884412603,0.36883276094102013,0.3833704201333832,0.3838679089360612,0.3830997853057966,0.3853867679159137,0.38466097309507113,0.38356501967461076,0.3720800966683958,0.3815748555393791,0.367796078688939,0.36761318047575686,0.36837689443431554,0.368659693950664,0.381289072822095,0.381727105769187,0.38182160599951204,0.38429051319567686,0.38448342095620763,0.38382584531164154],[0.09937468663626046,0.06251441920157713,0.09875412030137284,0.08947666407951543,0.09031551430231409,0.05328855941817105,0.060669120572721565,0.052974518197701846,0.05854732467523735,0.06644631688054949,0.04277558857575059,0.0,0.0,0.04697077498723643,0.03954724222421646,0.010492123663425446,0.0,0.026986157069558266,0.01514658850676476,0.24267717891027568,0.045590371951904386,0.16420253091561648,0.046567492798346384,0.03393668079358244,-0.00477054799084885,0.00679923960829891,0.03701822836343589,0.03469264609810117,0.1825304169444881,0.1820259976365588,0.24539456638721224,0.2601307980592429,0.25064307583144213,0.26504268795138736,0.25592175372326365,0.2671744305790482,0.2714895684412238,0.2942006201185418,0.2755795332283407,0.31470083688922823,0.27549684462880947,0.2713143775601003,0.27847847207001636,0.27841540036350776,0.27569448474057234,0.27565323701946337,0.2950063732889748,0.29048187980376033,0.2881896009411057,0.29564223061969985,0.318266307043488,0.29984335735795736,0.3151051032340866,0.31763036871493366,0.3150755116605627,0.3203966966218748,0.31014462838993245,0.3145788899726659,0.32800256148326107,0.3487930370206722,0.31403225703725784,0.3140369496453216,0.3210233490119169,0.32583805667661264,0.35009377333674635,0.3401662813606724,0.3590028647924806,0.36104294425205224,0.34412324477370576,0.33588197032247336,0.34441512316968415,0.35438967916780406,0.3668913766564043,0.37448062014300404,0.38288838188717234,0.3916224726200588,0.3792804422259346,0.37844258263991093,0.3785821317078495,0.37832440738161377,0.3931808552204037,0.3937650762600921,0.3928870595759151,0.39528440384827207,0.3944735035405714,0.39339375094691775,0.38251446824832136,0.39208386016755126,0.37805165662175255,0.37785302190569914,0.37861574670626513,0.37890646354893204,0.39179483208096244,0.3922983200666308,0.39232232408509693,0.3948453277520626,0.3948958498212983,0.3944038639930293],[0.06482984804636104,0.05037224847262245,0.05501607874173093,0.04774761183850522,0.04769884999792136,0.03336465221525773,0.03333290234808751,0.021736869335945853,0.019590800872094923,0.02098425105214119,0.0,0.03975259857074038,0.04697077498723643,0.0,0.0,0.0,0.02909992219711198,0.04287065965267551,0.0427908153072636,0.28053393254466064,0.08637788323598487,0.20453641401547437,0.05053988935154048,0.06146861631045065,0.05104745467976656,0.06089511803700097,0.08567666200275843,0.08645948189158555,0.2213125585875277,0.22193704634915998,0.2869115284794207,0.30074391782256277,0.28655009047023744,0.30087005522018206,0.2944114580151723,0.3048884662208271,0.3069008495301904,0.3283158872223752,0.30832034636295874,0.33539787990167746,0.3090681375943959,0.3047302402288906,0.308505840407629,0.30790015229007267,0.3058298041812636,0.3051980823872223,0.3227882031770247,0.3178258755428911,0.3141736884962016,0.3198482616131871,0.3405110881228069,0.32170101181798205,0.33503988127288314,0.33731389195970807,0.3333210567421734,0.33774515952290723,0.329474649581666,0.3324421054300435,0.3448490918797173,0.36470969736110964,0.3358419680861829,0.3337763195251725,0.3397046040896981,0.3441997338966662,0.36317455767463286,0.35612707378313835,0.37168529832006225,0.37332181038720774,0.35912842462946293,0.35087355694317995,0.35623120320221907,0.36536629097615725,0.3787487879144992,0.38562670385096176,0.3941655929050841,0.40258205022714155,0.39133977744375753,0.3905456640687862,0.39070485189865617,0.390370997994783,0.4041679971188543,0.4045288832406804,0.4038584727337791,0.4058834864520439,0.4052448011345588,0.40416027577940145,0.3931300834513963,0.4023981231569792,0.3894413549115246,0.38928553980446706,0.39005699863757715,0.3902712798794946,0.4021501981875288,0.40244979179431645,0.4026611951725691,0.4048405254564881,0.40517272002848115,0.4045172915224235],[0.04778615460605092,0.01507547045558889,0.04861050387585093,0.04661299355253589,0.04661299355253589,0.005471509042246453,0.005976424280461257,0.006488664458667078,0.005719550738066842,0.00072