{"full_convex_hulls":{"averages":[[0.0,-0.01270238195436945,0.07625596022052515,0.09164407563983187,0.07874275739032037,0.09327763789485953,0.07650767009276009,0.09256028051122404,0.07162259506978474,0.08869718921398716,0.011465132750963761,0.03668393618890788],[-0.01270238195436945,0.0,-0.015947819681966336,0.0192869355334054,-0.016622943926294684,0.01906342851049511,-0.015716622347930552,0.019722177364163786,-0.015878727013075092,0.019437373054271834,-0.01337576809591738,0.007290568046478935],[0.07625596022052515,-0.015947819681966336,0.0,-0.004322563958785026,0.004693196759282363,0.011306538238878746,0.023750816775451242,0.027206459946081347,0.04173294890441133,0.04391893097657434,0.04301772043335128,0.02434796093886929],[0.09164407563983187,0.0192869355334054,-0.004322563958785026,0.0,0.010921500527818422,0.013751536483159908,0.026550417041000113,0.02793637326943131,0.04313789620586779,0.04356806585354074,0.053748131652154266,0.025247066032840305],[0.07874275739032037,-0.016622943926294684,0.004693196759282363,0.010921500527818422,0.0,-0.004331091786294283,0.004541095200643218,0.011333812674963185,0.022930394359819837,0.026575983316556806,0.052395342219068906,0.0336203606324367],[0.09327763789485953,0.01906342851049511,0.011306538238878746,0.013751536483159908,-0.004331091786294283,0.0,0.010828652446515855,0.013730864321261227,0.02595411381410318,0.027536653836101654,0.06196233923351489,0.03526263520097286],[0.07650767009276009,-0.015716622347930552,0.023750816775451242,0.026550417041000113,0.004541095200643218,0.010828652446515855,0.0,-0.004352514093555735,0.0035332140615622755,0.010639555788421804,0.05818685482341367,0.04350291956611279],[0.09256028051122404,0.019722177364163786,0.027206459946081347,0.02793637326943131,0.011333812674963185,0.013730864321261227,-0.004352514093555735,0.0,0.010795082118570316,0.013496484205000632,0.06933409185153559,0.04591623889997413],[0.07162259506978474,-0.015878727013075092,0.04173294890441133,0.04313789620586779,0.022930394359819837,0.02595411381410318,0.0035332140615622755,0.010795082118570316,0.0,-0.004323309842959823,0.06310070872486229,0.054448291109956165],[0.08869718921398716,0.019437373054271834,0.04391893097657434,0.04356806585354074,0.026575983316556806,0.027536653836101654,0.010639555788421804,0.013496484205000632,-0.004323309842959823,0.0,0.07529272356260419,0.05689022972580173],[0.011465132750963761,-0.01337576809591738,0.04301772043335128,0.053748131652154266,0.052395342219068906,0.06196233923351489,0.05818685482341367,0.06933409185153559,0.06310070872486229,0.07529272356260419,0.0,-0.013993128576238398],[0.03668393618890788,0.007290568046478935,0.02434796093886929,0.025247066032840305,0.0336203606324367,0.03526263520097286,0.04350291956611279,0.04591623889997413,0.054448291109956165,0.05689022972580173,-0.013993128576238398,0.0]],"maximums":[[0.0,-0.012702381954369388,0.07701622851291073,0.11623550550918343,0.0796544482603924,0.11889617599534978,0.07726781172584135,0.1165202265088592,0.07231519529905898,0.11164527195810797,0.011546204077355399,0.040333433129408326],[-0.012702381954369388,0.0,-0.015856389372657483,0.022814799016723144,-0.016511529653629474,0.0227955544740821,-0.015489309902000908,0.023537258573087638,-0.015789172941863393,0.02293949561294643,-0.01332818278397873,0.009923150177646058],[0.07701622851291073,-0.015856389372657483,0.0,-0.003957093501255102,0.00535890036159314,0.02780425009492822,0.024717920737103112,0.03798523269357054,0.04365470771073785,0.05136410010965542,0.049709423049605427,0.04949710658257215],[0.11623550550918343,0.022814799016723144,-0.003957093501255102,0.0,0.027282963398971308,0.049101475324793045,0.0367316685503682,0.05355005013807237,0.05474179554011525,0.06714345955984298,0.08712612215590386,0.08440290737661044],[0.0796544482603924,-0.016511529653629474,0.00535890036159314,0.027282963398971308,0.0,-0.003957104644302821,0.005222695722320436,0.027716855555570002,0.024398856119470583,0.03876666448268158,0.05450597157493556,0.05416059018972729],[0.11889617599534978,0.0227955544740821,0.02780425009492822,0.049101475324793045,-0.003957104644302821,0.0,0.02778863216110706,0.05167806634394826,0.041245488218665985,0.059081632930597046,0.0921901742800454,0.08894233235299585],[0.07726781172584135,-0.015489309902000908,0.024717920737103112,0.0367316685503682,0.005222695722320436,0.02778863216110706,0.0,-0.0039571117932340845,0.00458810649711415,0.027619669312642897,0.05927511017699144,0.06306643487436858],[0.1165202265088592,0.023537258573087638,0.03798523269357054,0.05355005013807237,0.027716855555570002,0.05167806634394826,-0.0039571117932340845,0.0,0.029604505492133316,0.05266831677055039,0.09568021574618453,0.0936423087412849],[0.07231519529905898,-0.015789172941863393,0.04365470771073785,0.05474179554011525,0.024398856119470583,0.041245488218665985,0.00458810649711415,0.029604505492133316,0.0,-0.0038201207335456437,0.06406604778510436,0.07457979951940348],[0.11164527195810797,0.02293949561294643,0.05136410010965542,0.06714345955984298,0.03876666448268158,0.059081632930597046,0.027619669312642897,0.05266831677055039,-0.0038201207335456437,0.0,0.09824669942013178,0.10064096918224275],[0.011546204077355399,-0.01332818278397873,0.049709423049605427,0.08712612215590386,0.05450597157493556,0.0921901742800454,0.05927511017699144,0.09568021574618453,0.06406604778510436,0.09824669942013178,0.0,-0.01395971239334279],[0.040333433129408326,0.009923150177646058,0.04949710658257215,0.08440290737661044,0.05416059018972729,0.08894233235299585,0.06306643487436858,0.0936423087412849,0.07457979951940348,0.10064096918224275,-0.01395971239334279,0.0]],"minimums":[[0.0,-0.012702381954369388,0.07242159093850331,0.0407154597516248,0.07457026083505931,0.04219976349020468,0.07263278063140173,0.04071298882129268,0.06805427672339635,0.04322332186039542,0.011029643082656884,0.027465248078665995],[-0.012702381954369388,0.0,-0.016006490054944474,-0.004063500006629651,-0.016740429804211174,-0.006704707661346869,-0.016050903835507377,-0.005515103977050419,-0.015938366168825466,0.0008766440570618148,-0.013423226774444037,-0.006561489947801598],[0.07242159093850331,-0.016006490054944474,0.0,-0.00664562112941409,0.0018238051050748902,0.0015968311622755421,0.0191835268029014,0.018674001436636733,0.035749234497025884,0.035919086388170006,0.035203131271209984,-0.01602125233598147],[0.0407154597516248,-0.004063500006629651,-0.00664562112941409,0.0,0.001856040030902691,0.0013107632929747505,0.018771441224688646,0.016247584816968245,0.0348955382385507,0.03262056082558067,0.005061147835105888,-0.02128146799739138],[0.07457026083505931,-0.016740429804211174,0.0018238051050748902,0.001856040030902691,0.0,-0.006640321078447987,0.0015629476179646901,0.0015983721340529472,0.01871512038240206,0.019305489938537895,0.043813369973222265,-0.013166511435169899],[0.04219976349020468,-0.006704707661346869,0.0015968311622755421,0.0013107632929747505,-0.006640321078447987,0.0,0.001312503999228527,0.0010872328818118272,0.018300793565817812,0.017417395110382955,0.014196580970719299,-0.020893926421408537],[0.07263278063140173,-0.016050903835507377,0.0191835268029014,0.018771441224688646,0.0015629476179646901,0.001312503999228527,0.0,-0.006629549697821316,0.0011307138248274476,0.0021130832322310746,0.04727937925988273,-0.007159313262164606],[0.04071298882129268,-0.005515103977050419,0.018674001436636733,0.016247584816968245,0.0015983721340529472,0.0010872328818118272,-0.006629549697821316,0.0,0.0011655959665366525,0.0016818191780793126,0.02077865698002932,-0.007536439882335864],[0.06805427672339635,-0.015938366168825466,0.035749234497025884,0.0348955382385507,0.01871512038240206,0.018300793565817812,0.0011307138248274476,0.0011655959665366525,0.0,-0.006980125044844664,0.05247717664999697,0.009953058991933822],[0.04322332186039542,0.0008766440570618148,0.035919086388170006,0.03262056082558067,0.019305489938537895,0.017417395110382955,0.0021130832322310746,0.0016818191780793126,-0.006980125044844664,0.0,0.0350461412772439,0.009514508005165349],[0.011029643082656884,-0.013423226774444037,0.035203131271209984,0.005061147835105888,0.043813369973222265,0.014196580970719299,0.04727937925988273,0.02077865698002932,0.05247717664999697,0.0350461412772439,0.0,-0.01406972430465268],[0.027465248078665995,-0.006561489947801598,-0.01602125233598147,-0.02128146799739138,-0.013166511435169899,-0.020893926421408537,-0.007159313262164606,-0.007536439882335864,0.009953058991933822,0.009514508005165349,-0.01406972430465268,0.0]]},"full_obbs":{"averages":[[0.0,-0.01270387996919453,0.07133289212682747,0.08167929843677356,0.0740326832065467,0.08473207374295486,0.0717878521645589,0.08260406581146532,0.06649433355843898,0.07998580358608615,0.009368414412869683,0.023671086121517637],[-0.01270387996919453,0.0,-0.022226051577769475,0.0007314232096499502,-0.02283905790590278,0.0014369979862057332,-0.025073021514745084,0.0008279830932979658,-0.020464803966444237,-0.00046412519038928877,-0.025875051591774972,-0.018996889265069535],[0.07133289212682747,-0.022226051577769475,0.0,-0.012813226110724435,0.0027197504287780573,0.006043846438890644,0.021021607194231854,0.02282907090831761,0.038532107643693476,0.040040002425229496,0.032308898344185794,0.0075301810321614605],[0.08167929843677356,0.0007314232096499502,-0.012813226110724435,0.0,0.006170361227102342,0.007962462744321712,0.02264929569076577,0.022615495765696367,0.03919573255598033,0.03828332291883107,0.042460885257313806,0.009813873312757763],[0.0740326832065467,-0.02283905790590278,0.0027197504287780573,0.006170361227102342,0.0,-0.012716495192223506,0.0025163137424832754,0.006016772587859357,0.020372918567212517,0.02241471846660508,0.03692347570927836,0.016748653525732165],[0.08473207374295486,0.0014369979862057332,0.006043846438890644,0.007962462744321712,-0.012716495192223506,0.0,0.005527768008704713,0.0076904486549570225,0.021481109843448365,0.02208238106976822,0.047908335163218956,0.01999411498517627],[0.0717878521645589,-0.025073021514745084,0.021021607194231854,0.02264929569076577,0.0025163137424832754,0.005527768008704713,0.0,-0.012762578084017552,0.0016675619323097044,0.005678581772269358,0.04015701318636767,0.027395389327685475],[0.08260406581146532,0.0008279830932979658,0.02282907090831761,0.022615495765696367,0.006016772587859357,0.0076904486549570225,-0.012762578084017552,0.0,0.005069555391972084,0.00797894440921754,0.05189831879996353,0.030524771623363176],[0.06649433355843898,-0.020464803966444237,0.038532107643693476,0.03919573255598033,0.020372918567212517,0.021481109843448365,0.0016675619323097044,0.005069555391972084,0.0,-0.012712473432488696,0.04610617270187951,0.0381276020450309],[0.07998580358608615,-0.00046412519038928877,0.040040002425229496,0.03828332291883107,0.02241471846660508,0.02208238106976822,0.005678581772269358,0.00797894440921754,-0.012712473432488696,0.0,0.05910418701845805,0.042669426244403556],[0.009368414412869683,-0.025875051591774972,0.032308898344185794,0.042460885257313806,0.03692347570927836,0.047908335163218956,0.04015701318636767,0.05189831879996353,0.04610617270187951,0.05910418701845805,0.0,-0.01800681680763826],[0.023671086121517637,-0.018996889265069535,0.0075301810321614605,0.009813873312757763,0.016748653525732165,0.01999411498517627,0.027395389327685475,0.030524771623363176,0.0381276020450309,0.042669426244403556,-0.01800681680763826,0.0]],"maximums":[[0.0,-0.012703879969194528,0.07640429297855286,0.11359737679296215,0.07911691081943545,0.1162944764438847,0.07681221607227377,0.11396619266522276,0.07161461731254455,0.10887084589765453,0.009823172396533245,0.03634474243570114],[-0.012703879969194528,0.0,-0.02083623304980399,0.01636844990571279,-0.017744786135106452,0.019434728899953707,-0.020048600233752566,0.01709648548847434,-0.019586061851116575,0.011326492643128261,-0.02209348357652959,-0.0008263292332376659],[0.07640429297855286,-0.02083623304980399,0.0,-0.00980985976823483,0.003213993552946102,0.0221727829593776,0.021927288857160592,0.03256616237172511,0.040420887289912014,0.047596090072890535,0.03794380655428792,0.02406052509927757],[0.11359737679296215,0.01636844990571279,-0.00980985976823483,0.0,0.01973895556825231,0.04843423585095605,0.03100516098137308,0.05151856913641607,0.050789356256706164,0.0660882246922089,0.0743695878984762,0.06113584844891268],[0.07911691081943545,-0.017744786135106452,0.003213993552946102,0.01973895556825231,0.0,-0.009821332495199595,0.0030464101611993788,0.02045285372909906,0.021848050644237026,0.03040132779869738,0.04247422998605931,0.02977645019895107],[0.1162944764438847,0.019434728899953707,0.0221727829593776,0.04843423585095605,-0.009821332495199595,0.0,0.02071113215855877,0.04737259675147101,0.03532227888928821,0.05779536853322345,0.07848529343085103,0.06474494689354683],[0.07681221607227377,-0.020048600233752566,0.021927288857160592,0.03100516098137308,0.0030464101611993788,0.02071113215855877,0.0,-0.009813889542328105,0.002618801410546956,0.020095800012563454,0.046233939120486955,0.0438346745779993],[0.11396619266522276,0.01709648548847434,0.03256616237172511,0.05151856913641607,0.02045285372909906,0.04737259675147101,-0.009813889542328105,0.0,0.024271195090450295,0.04999250416733058,0.08044386040312057,0.06988620352258063],[0.07161461731254455,-0.019586061851116575,0.040420887289912014,0.050789356256706164,0.021848050644237026,0.03532227888928821,0.002618801410546956,0.024271195090450295,0.0,-0.00972892663493438,0.05287845056961115,0.06064792529715242],[0.10887084589765453,0.011326492643128261,0.047596090072890535,0.0660882246922089,0.03040132779869738,0.05779536853322345,0.020095800012563454,0.04999250416733058,-0.00972892663493438,0.0,0.08250543323430513,0.07812812822873713],[0.009823172396533245,-0.02209348357652959,0.03794380655428792,0.0743695878984762,0.04247422998605931,0.07848529343085103,0.046233939120486955,0.08044386040312057,0.05287845056961115,0.08250543323430513,0.0,-0.014101633150540086],[0.03634474243570114,-0.0008263292332376659,0.02406052509927757,0.06113584844891268,0.02977645019895107,0.06474494689354683,0.0438346745779993,0.06988620352258063,0.06064792529715242,0.07812812822873713,-0.014101633150540086,0.0]],"minimums":[[0.0,-0.012703879969194528,0.0684661273163705,0.03767981111759272,0.07117466171255835,0.04037055107711818,0.06888185050125725,0.03815739879304228,0.06367281056777027,0.03824033913091031,0.009106478899817295,0.00993032796777013],[-0.012703879969194528,0.0,-0.02360382628575854,-0.024433611878229136,-0.025685085831372675,-0.0335280951410567,-0.027977897042673755,-0.031505361006104696,-0.021724305639122757,-0.021932915351073633,-0.028350310728164983,-0.03173212128248219],[0.0684661273163705,-0.02360382628575854,0.0,-0.015088121947056748,0.000508117423170187,0.000306887458606547,0.01650812498905992,0.016289700556644197,0.03289466368070082,0.03370095800102469,0.028355986603604052,-0.025862750590801065],[0.03767981111759272,-0.024433611878229136,-0.015088121947056748,0.0,0.0004847930218742358,-0.0013557265394802467,0.01623902736622508,0.012651192225428005,0.031966930999224485,0.028902113700030447,-0.001991157471813597,-0.03602694355327995],[0.07117466171255835,-0.025685085831372675,0.000508117423170187,0.0004847930218742358,0.0,-0.015087976017095602,0.00022384925336302645,0.0002638160303300773,0.017003150111158216,0.017853891804936302,0.0338782363048792,-0.021544025466399726],[0.04037055107711818,-0.0335280951410567,0.000306887458606547,-0.0013557265394802467,-0.015087976017095602,0.0,6.638035886248617e-6,-0.0016570800664532036,0.016255321735907696,0.01440915757200965,0.0026921236464414002,-0.02847971998483959],[0.06888185050125725,-0.027977897042673755,0.01650812498905992,0.01623902736622508,0.00022384925336302645,6.638035886248617e-6,0.0,-0.01508806891243205,0.0004665099925572053,0.0013157686900231612,0.03591841715149983,-0.01264814406478712],[0.03815739879304228,-0.031505361006104696,0.016289700556644197,0.012651192225428005,0.0002638160303300773,-0.0016570800664532036,-0.01508806891243205,0.0,0.0004139618171952013,-0.0003148095546127291,0.011544274938404056,-0.012751867313840919],[0.06367281056777027,-0.021724305639122757,0.03289466368070082,0.031966930999224485,0.017003150111158216,0.016255321735907696,0.0004665099925572053,0.0004139618171952013,0.0,-0.015007793507851766,0.04190145628711126,0.003267224542097933],[0.03824033913091031,-0.021932915351073633,0.03370095800102469,0.028902113700030447,0.017853891804936302,0.01440915757200965,0.0013157686900231612,-0.0003148095546127291,-0.015007793507851766,0.0,0.03010293181751656,0.0037323253266786528],[0.009106478899817295,-0.028350310728164983,0.028355986603604052,-0.001991157471813597,0.0338782363048792,0.0026921236464414002,0.03591841715149983,0.011544274938404056,0.04190145628711126,0.03010293181751656,0.0,-0.022380640531856975],[0.00993032796777013,-0.03173212128248219,-0.025862750590801065,-0.03602694355327995,-0.021544025466399726,-0.02847971998483959,-0.01264814406478712,-0.012751867313840919,0.003267224542097933,0.0037323253266786528,-0.022380640531856975,0.0]]},"full_bounding_spheres":{"averages":[[0.0,-0.02821719225423261,0.06275516837994603,0.07362175929897413,0.06262094660074272,0.07373305723952293,0.061307733675032824,0.07337311283315709,0.05878620875609275,0.07570256463374685,0.006387459429569102,0.02812486738988156],[-0.02821719225423261,0.0,-0.07015134608525533,-0.05310521021799294,-0.07874730625321333,-0.059038375814145866,-0.0810379190683569,-0.059349905722354296,-0.07685373846170218,-0.05140555866824447,-0.04919267732849713,-0.0649498500028666],[0.06275516837994603,-0.07015134608525533,0.0,-0.030437051683713263,-0.035138595342836115,-0.017858260953668693,-0.01792919820074286,-0.0056431916941884035,-0.0004618206476425976,0.013888847707245156,0.022657756486988465,-0.018520343992588006],[0.07362175929897413,-0.05310521021799294,-0.030437051683713263,0.0,-0.017744058468627293,-0.017625985544732572,-0.006935390233095577,-0.00579828839422508,0.007054528945565173,0.0138988626871041,0.032545929309091406,-0.01584684560910243],[0.06262094660074272,-0.07874730625321333,-0.035138595342836115,-0.017744058468627293,0.0,-0.030425157740536335,-0.0353229690913662,-0.01703448035905002,-0.018391317161471365,-0.0003265051529745881,0.029644907898668263,-0.007322353810326275],[0.07373305723952293,-0.059038375814145866,-0.017858260953668693,-0.017625985544732572,-0.030425157740536335,0.0,-0.01861101695863497,-0.01745338504038891,-0.007299111396257159,-0.000019719910645473246,0.038849293605055665,-0.005232819148398029],[0.061307733675032824,-0.0810379190683569,-0.01792919820074286,-0.006935390233095577,-0.0353229690913662,-0.01861101695863497,0.0,-0.0303132522094514,-0.03577955876746765,-0.012473472909044046,0.03571863239939616,0.002689037391996157],[0.07337311283315709,-0.059349905722354296,-0.0056431916941884035,-0.00579828839422508,-0.01703448035905002,-0.01745338504038891,-0.0303132522094514,0.0,-0.01799494842192218,-0.011875179491162912,0.044994983628488965,0.004889387905356176],[0.05878620875609275,-0.07685373846170218,-0.0004618206476425976,0.007054528945565173,-0.018391317161471365,-0.007299111396257159,-0.03577955876746765,-0.01799494842192218,0.0,-0.02495060357933706,0.04098636399799658,0.012558363863814924],[0.07570256463374685,-0.05140555866824447,0.013888847707245156,0.0138988626871041,-0.0003265051529745881,-0.000019719910645473246,-0.012473472909044046,-0.011875179491162912,-0.02495060357933706,0.0,0.05454654940102978,0.0196769816171882],[0.006387459429569102,-0.04919267732849713,0.022657756486988465,0.032545929309091406,0.029644907898668263,0.038849293605055665,0.03571863239939616,0.044994983628488965,0.04098636399799658,0.05454654940102978,0.0,-0.019886952473016223],[0.02812486738988156,-0.0649498500028666,-0.018520343992588006,-0.01584684560910243,-0.007322353810326275,-0.005232819148398029,0.002689037391996157,0.004889387905356176,0.012558363863814924,0.0196769816171882,-0.019886952473016223,0.0]],"maximums":[[0.0,-0.028217192254232998,0.06956635571953174,0.10233090387554648,0.06959448013888356,0.10285798987583876,0.06782924050771476,0.10114404914695498,0.06535414664938452,0.10374858678436044,0.008666606824726614,0.03771754097175688],[-0.028217192254232998,0.0,-0.0664084705756289,-0.03793316399344979,-0.07404287024744366,-0.041690172088444014,-0.07740031967007902,-0.044243645357852995,-0.07453006476858462,-0.039249884003284385,-0.04807905773866227,-0.037938302752471634],[0.06956635571953174,-0.0664084705756289,0.0,-0.026626677995069327,-0.01723954549151209,0.008126432057645142,-0.007590832738515102,0.01393243135779021,0.008999491450093038,0.028323017815896016,0.034233412892260576,0.026195003324596122],[0.10233090387554648,-0.03793316399344979,-0.026626677995069327,0.0,0.0021264065163086737,0.029506910703094573,0.01243680323828067,0.03294293402594658,0.02694968599399794,0.04990727731172766,0.06642254223831034,0.05072709984982256],[0.06959448013888356,-0.07404287024744366,-0.01723954549151209,0.0021264065163086737,0.0,-0.026626691438254108,-0.01726688191507477,0.0016510684703574252,-0.002563465537074573,0.019618298713686484,0.03956252491079164,0.03305367410853867],[0.10285798987583876,-0.041690172088444014,0.008126432057645142,0.029506910703094573,-0.026626691438254108,0.0,0.007539451637566294,0.028810009409790747,0.02028445818810265,0.04533958486350498,0.07139511035935074,0.05706109117493964],[0.06782924050771476,-0.07740031967007902,-0.007590832738515102,0.01243680323828067,-0.01726688191507477,0.007539451637566294,0.0,-0.026626692865851273,-0.016641539419801975,0.00925015880200878,0.04503026170508756,0.043558290039232006],[0.10114404914695498,-0.044243645357852995,0.01393243135779021,0.03294293402594658,0.0016510684703574252,0.028810009409790747,-0.026626692865851273,0.0,0.008808992095694676,0.036144277591140375,0.07537860209133293,0.06598041140879717],[0.06535414664938452,-0.07453006476858462,0.008999491450093038,0.02694968599399794,-0.002563465537074573,0.02028445818810265,-0.016641539419801975,0.008808992095694676,0.0,-0.020967420815712692,0.050822862853301634,0.05354642289482878],[0.10374858678436044,-0.039249884003284385,0.028323017815896016,0.04990727731172766,0.019618298713686484,0.04533958486350498,0.00925015880200878,0.036144277591140375,-0.020967420815712692,0.0,0.08410100038906745,0.07719794198834586],[0.008666606824726614,-0.04807905773866227,0.034233412892260576,0.06642254223831034,0.03956252491079164,0.07139511035935074,0.04503026170508756,0.07537860209133293,0.050822862853301634,0.08410100038906745,0.0,-0.016955395480979407],[0.03771754097175688,-0.037938302752471634,0.026195003324596122,0.05072709984982256,0.03305367410853867,0.05706109117493964,0.043558290039232006,0.06598041140879717,0.05354642289482878,0.07719794198834586,-0.016955395480979407,0.0]],"minimums":[[0.0,-0.028217192254232998,0.04865325703870045,0.03327061053502198,0.048200101242668394,0.03226276867324604,0.046829571437150205,0.031203732700982673,0.045144553295298956,0.036488753409873745,0.0012600920283632536,0.010832386039076727],[-0.028217192254232998,0.0,-0.07639407139892695,-0.0739207160262513,-0.08742952276492241,-0.0852279669379635,-0.08896997685886122,-0.08496252190124616,-0.08125681793074074,-0.06951826433714886,-0.0522800833274742,-0.10171743645903716],[0.04865325703870045,-0.07639407139892695,0.0,-0.038319009814746306,-0.041621765243644554,-0.03450724687897132,-0.023679543360705407,-0.01938011826677221,-0.006079397881709234,0.003549907717918313,0.006746641575229827,-0.054007645131912696],[0.03327061053502198,-0.0739207160262513,-0.038319009814746306,0.0,-0.030961239193779553,-0.04177490076269839,-0.019608936954146852,-0.025733700720017856,-0.005675428927923866,-0.003383215637373413,-0.010512271486409236,-0.07001799011322817],[0.048200101242668394,-0.08742952276492241,-0.041621765243644554,-0.030961239193779553,0.0,-0.03826543139590678,-0.04190087327655265,-0.030625965996615604,-0.024011360226751925,-0.01023574414050979,0.012801684034087782,-0.049073812972722106],[0.03226276867324604,-0.0852279669379635,-0.03450724687897132,-0.04177490076269839,-0.03826543139590678,0.0,-0.034969640086705486,-0.0420178107193874,-0.022611751775704826,-0.019524735605667268,-0.0044938851348005696,-0.0689351020590197],[0.046829571437150205,-0.08896997685886122,-0.023679543360705407,-0.019608936954146852,-0.04190087327655265,-0.034969640086705486,0.0,-0.03830818629151124,-0.04237976574888937,-0.024578355957596904,0.01674855665347881,-0.04586310592372023],[0.031203732700982673,-0.08496252190124616,-0.01938011826677221,-0.025733700720017856,-0.030625965996615604,-0.0420178107193874,-0.03830818629151124,0.0,-0.035766302428998975,-0.036436273283225934,0.001142219021192055,-0.05666407137004993],[0.045144553295298956,-0.08125681793074074,-0.006079397881709234,-0.005675428927923866,-0.024011360226751925,-0.022611751775704826,-0.04237976574888937,-0.035766302428998975,0.0,-0.032895750876955225,0.022262418811411167,-0.032916692554037404],[0.036488753409873745,-0.06951826433714886,0.003549907717918313,-0.003383215637373413,-0.01023574414050979,-0.019524735605667268,-0.024578355957596904,-0.036436273283225934,-0.032895750876955225,0.0,0.015813567061862675,-0.03411354053974447],[0.0012600920283632536,-0.0522800833274742,0.006746641575229827,-0.010512271486409236,0.012801684034087782,-0.0044938851348005696,0.01674855665347881,0.001142219021192055,0.022262418811411167,0.015813567061862675,0.0,-0.02736538031719178],[0.010832386039076727,-0.10171743645903716,-0.054007645131912696,-0.07001799011322817,-0.049073812972722106,-0.0689351020590197,-0.04586310592372023,-0.05666407137004993,-0.032916692554037404,-0.03411354053974447,-0.02736538031719178,0.0]]},"decomposition_convex_hulls":{"averages":[[0.0,0.0,0.0,0.0,0.0,0.0,0.0,0.0,-0.006035220110788941,0.0757027268409729,0.0757027268409729,0.0757027268409729,0.0757868532798273,0.030485987663269043,0.051355250179767616,-0.0060352201107889405,0.021790463477373123,0.040920618921518326,0.0565725639462471,0.08364382227162587,0.08437572464421245,0.09756085450295836,0.08889270167896976,0.10066072241105384,0.11586183765987886,0.09736349733340892,0.09380613368826358,0.0915993346638818,0.08810038724846628,0.10596471540211197,0.10688407574438188,0.10654660091368012,0.11059532926874156,0.10766007489244328,0.10621291110072001,0.10475938985257614,0.1047034782193554,0.10491201681218892,0.105009766254095,0.10331680913134847,0.08631629138642005,0.08636984853189023,0.10015924921626375,0.09162759199835149,0.10323904105563024,0.11839128310302763,0.09977288700367959,0.09605600714960738,0.09414894918489965,0.09080399213352162,0.1075717259242076,0.10891240416741418,0.10861493153732785,0.11305228402380545,0.10997730427098551,0.10825955179606854,0.1066305644851208,0.10664252078981912,0.10653786313737364,0.10643689049911653,0.1049217365603722,0.08405011048177181,0.08461257265063551,0.09796360704537206,0.08971319913745836,0.10158956728373757,0.11674090025187125,0.09777311945561876,0.0943468489014517,0.09235139350415265,0.08908398913361044,0.1068953892831717,0.10796451487055267,0.10755841981387054,0.11155083639577504,0.10882195092644126,0.10777342980395592,0.10691996590463111,0.10617873997082862,0.10671997140912066,0.1063351339738516,0.10451663866774483,0.08002028935399787,0.07871653553720631,0.0936779216954625,0.0849222488198706,0.09697452820470596,0.11227085403451702,0.09252655594947215,0.08844326315152184,0.08663905577634036,0.08350655922647986,0.1019601100475302,0.10925703847939855,0.10633212134714669,0.10413859816122774,0.10357775939002903,0.10621376208022967,0.1034980514513251,0.1049282300073393,0.10353675163359753,0.01761802196274438,0.03189244644647473,0.03536312334825452,0.04071955380033005,0.045763103382336495,0.018777133476341332,0.021027664243871896,0.026184962468854944,0.028509019353471447,0.047063488374519645,0.0404603119719354,0.03954356478072011,0.03869023909241053,0.06582748523171246,0.07853057837929224,0.04001952742411381,0.041108159271541114,0.048114643626733455,0.059352699978754954],[0.0,0.0,0.017936369373117603,0.01776476763188839,0.002537823747843504,0.002537823747843504,0.007533747628744483,0.007677820470223255,-0.013648691819980742,0.06814731860958236,0.0680892551317811,0.06896045697696541,0.07536955230538461,0.022872515954077244,0.04374177847057581,0.01029248139820993,0.017899303273199003,0.03505373043621043,0.0501636389703468,0.07627442674539715,0.07755751138943323,0.090371496148256,0.08152362234913563,0.09367758719331756,0.10898153661075217,0.09030371988703002,0.08687104322979324,0.0843803916150488,0.08092340047594913,0.10061042393205448,0.10112401938011446,0.10051126251985693,0.10389315406704361,0.10116644415702501,0.10103314584702995,0.10041082502320943,0.09969021417414715,0.10059992143095378,0.10078166699446899,0.09855792742940758,0.07953101063082856,0.07902789507632267,0.09346765308627472,0.08434169594584773,0.09634354433484496,0.1117827168193622,0.09279855085804481,0.08857306598084516,0.08662460638674996,0.08321620941105173,0.10222172116354776,0.10341223792767268,0.10271518088142324,0.10640942916066826,0.10345179331308044,0.10361894994913122,0.10278906387348362,0.10198839830967246,0.102504557819656,0.10233153191090384,0.10026017933945153,0.08133667602646415,0.07858776328031189,0.09474005463679008,0.08599069695990369,0.09796703689755536,0.11308922922940351,0.09269738503180885,0.0882176732742508,0.08637779965319187,0.083893150334994,0.10330322084671478,0.10473797469232582,0.10374312995332287,0.10654611536293204,0.10439651315313588,0.10603167659948448,0.10609577098416481,0.10364854490465739,0.10498170618271038,0.10428305787382842,0.10187725064349885,0.08420336250301619,0.07837827314885541,0.09618038303617478,0.0877201299047795,0.09874476307353193,0.11306324316838305,0.0920953107053745,0.08745158128888232,0.08556704530669568,0.08408426290544707,0.10300497727045502,0.10820261930323737,0.10520451321255574,0.10428736724152815,0.10341932824847798,0.10710512769458394,0.10388422647529254,0.10572082082769389,0.10538543597160074,0.010698118142063609,0.024400502024514954,0.028624875478281617,0.03535089939815742,0.043394256464611876,0.01447516522228306,0.01618522622324591,0.020525948021845482,0.022596609508818966,0.04827759430634163,0.040745653535759284,0.03925568874705208,0.037357069158549125,0.06222744703412293,0.07481610852229349,0.03767304129225179,0.03819193155143521,0.0446205835265594,0.057152334964739204],[0.0,0.017936369373117603,0.0,0.0,0.01169879011586706,0.013308460830555828,0.002537823747843504,0.0031722797546535272,0.00747228623367846,0.07356235358019225,0.06857247344250997,0.0680892551317811,0.06842846561648687,0.02426666966392926,0.04448665478857286,-0.01364869181998074,0.014176991768181324,0.03330714721232653,0.04895909223705531,0.08193783027938835,0.08717665507454056,0.09562132913476143,0.0873141086824151,0.09922258605405385,0.11319592930970056,0.09639790372340731,0.09453177121472754,0.0906578983481758,0.0874519678078621,0.10881876008731421,0.10727405679818179,0.1067486610069387,0.10888700905165465,0.10711587477596653,0.10698136871924387,0.10705538542054906,0.10630551145668923,0.10788502183091885,0.10940519780049165,0.10702282659611567,0.07970696499974374,0.08258767652547655,0.09383346096773981,0.0850142299305174,0.09744844837585043,0.11239506198669705,0.09408633467583719,0.09130391125786594,0.08819547537194165,0.08476160488875313,0.10589606625836058,0.10569742349517323,0.10505820741913027,0.10763868983125298,0.10531132077598428,0.10549080284265719,0.10520316344904077,0.10440638935852163,0.10564236279850928,0.10638743292724795,0.10404470098225994,0.07654668295995973,0.07723875809253453,0.0906924177026319,0.08229520398840695,0.09539930132820944,0.11069493366609201,0.09054773952550633,0.08686452960413064,0.08483719921541555,0.08157966180512108,0.10355609775460903,0.10394717478793541,0.10307752127239135,0.10583463293109777,0.10356875101104554,0.10452651329050855,0.10514183168570845,0.10323316141570751,0.10520095669089974,0.10483981313240276,0.10213704488272214,0.07354501164480885,0.07141001150850088,0.08713446224480854,0.07879183888580878,0.09177996412758528,0.10694449386727577,0.08546136698757684,0.08120697929306053,0.07951833920607797,0.07697451090726797,0.09879359994270326,0.10471821996489816,0.10118799659961823,0.10032454780966985,0.09906320831210609,0.1039261625478369,0.10050429467717928,0.10295245441287862,0.10217398756182917,0.03130398944825023,0.03725040066517354,0.04297807731637062,0.0513702585967736,0.06084094117282868,0.03656397835848162,0.037141461097266806,0.038937847476358894,0.03994460082225197,0.0692796198919865,0.06134008070480913,0.05962935497938431,0.056849860614836746,0.0752685805354525,0.0863043251375899,0.05640752173169373,0.05581531863514307,0.06053528311823883,0.07081890753221554],[0.0,0.01776476763188839,0.0,0.0,0.012269794521394319,0.011970891392540161,0.002537823747843504,0.002537823747843504,0.007472286233678461,0.07387938545036714,0.06866486609144747,0.0680892551317811,0.06856003844479928,0.02426666966392926,0.04448665478857286,-0.01364869181998074,0.014176991768181326,0.03330714721232652,0.0489590922370553,0.08221413837621652,0.08736756392163735,0.09590167779691268,0.08727517724815108,0.09884243725843676,0.112816009010806,0.09667351768262279,0.09459554871511425,0.09063152234717282,0.08735287814250725,0.1078700865387187,0.1064571695574971,0.10601665115424272,0.10836652200280113,0.10643330254073,0.10594793404568147,0.10563784986519567,0.10523157445266496,0.10642747160278634,0.10810213787748225,0.10591211964160195,0.08022949270192266,0.08293975951539904,0.09429752258300034,0.08507295411101518,0.09709842837701206,0.11206579824916203,0.09455621146056503,0.09150411124637534,0.08827170141211065,0.08474668352981936,0.10497598643778995,0.10491882128797471,0.10437035219766438,0.10714678947358236,0.10463854256802199,0.10447515549339387,0.10375331604309986,0.10334739125140673,0.10416452025754341,0.10508139629446761,0.10295533811915628,0.07708823347558863,0.07767104233653299,0.09119691355820501,0.0822537384931672,0.09477953425998695,0.11011241145958697,0.09107136256107805,0.08709703714433426,0.08489778370386192,0.08147305046827934,0.10245035265491677,0.10295123929087946,0.10215291788875666,0.10506461391699186,0.10260127905731632,0.10317757641039899,0.10320277149560231,0.10187266235831023,0.10332063565452927,0.10328180246987048,0.10081703400805635,0.07381114431702263,0.07178751036702292,0.08739800727864303,0.07823458564650877,0.09069662341648332,0.10601113608588472,0.08582777641435495,0.081338054086566,0.07939284956480716,0.07644400549892275,0.09717231173233194,0.10356794470917585,0.10010852607616572,0.0987162545416821,0.09762652396225618,0.10205998848446497,0.09882874444294008,0.10074128710863174,0.09975757982623537,0.030770350799602976,0.036838696661996004,0.04232189789622682,0.050405104080178495,0.059144078765542236,0.035442874822380774,0.036061726305727564,0.03797170159828186,0.039044723314645466,0.06728426560582185,0.05942801112346713,0.057763002676378856,0.055163929993137226,0.07375866179029851,0.0848280267240154,0.05482499637574106,0.054281787805885336,0.05899691125398684,0.0690245078848952],[0.0,0.002537823747843504,0.01169879011586706,0.012269794521394319,0.0,0.0,0.0,0.0059854454001102425,-0.0034973963629454374,0.07825103547777702,0.07824055058881639,0.07834009088116992,0.08208213164780889,0.03302381141111255,0.05389307392761111,0.003947921330109239,0.024646534079690623,0.043637395913080475,0.05924207977590421,0.08625631302522022,0.0872793968990818,0.10022464642541468,0.09153704719770875,0.1039572639348572,0.11934520685794008,0.10010839175096177,0.09666254378740105,0.09432685917581136,0.0908536025891302,0.11092286852134134,0.11155104560192189,0.1109200058650507,0.11432326865121174,0.1116260127936868,0.11166041457758183,0.11114925963892251,0.11027356852170904,0.11123993304945803,0.11113362888342244,0.10888360284281659,0.08886569212029675,0.08890964071270953,0.10273377796155635,0.09419566860629752,0.10643417776954037,0.1218770189936105,0.10234657898532562,0.09860154865918068,0.09668969180920875,0.09334269316074326,0.11281943368224936,0.11381618147585866,0.11317810760880936,0.11680501911854112,0.11397853246483813,0.11399761998188704,0.11336616291027649,0.11253118644615978,0.11326077417143879,0.11297978789587591,0.11084189010664618,0.08894557618784223,0.08749710854379829,0.10246055407464809,0.0943140800460018,0.10706194695289285,0.12226338081591394,0.10117182884147416,0.09728108108391206,0.09561003758737768,0.09283955455369806,0.11321803079547632,0.11433568429544462,0.11346206977371705,0.11645937884678774,0.11428300664321717,0.11544278169154228,0.11576316181614386,0.11337866282725992,0.11502546887112058,0.11417222548754825,0.1116909821588327,0.0896333871443957,0.08521959207519834,0.10220818387931081,0.09419973299305873,0.10645058036088345,0.12113926104287859,0.0990748721497591,0.09472420857010894,0.09304684230164663,0.09131445996339595,0.11166998550833725,0.11718274545251006,0.11405020878695468,0.1132838210763962,0.11232921036764384,0.11607707584143108,0.11282340206867325,0.11501323529278748,0.11447514302345128,0.02042166860030768,0.03454761004755778,0.03857357947002078,0.04480054226934549,0.052069586336997035,0.023223501696845096,0.025310557829847737,0.030172836822756084,0.032386885879290624,0.05471874061955216,0.04783512793572401,0.04673284326861648,0.045331794198008854,0.0719868603563921,0.08453296559745539,0.046025036154957205,0.04701767951028677,0.053927215812728344,0.06669844215003254],[0.0,0.002537823747843504,0.013308460830555828,0.011970891392540161,0.0,0.0,0.006018424850086685,0.0,-0.0034973963629454374,0.07833073852835622,0.0782405505888164,0.07842251976702225,0.0827965550992688,0.03302381141111255,0.05389307392761111,0.003947921330109239,0.024646534079690623,0.043637395913080475,0.05942734253763905,0.08682953410547237,0.08759435098971544,0.10083531270134014,0.09163380153198146,0.10347689517659857,0.11869081130790957,0.10068261829525182,0.0968372333639195,0.09440019843579896,0.09083352132149011,0.10896020565150973,0.10990388225473174,0.10949460219965282,0.11335232317096573,0.1104061041655913,0.10914139861372903,0.10759958085208046,0.10766055053695754,0.1077757684063643,0.10799814252846245,0.106322688999271,0.08984733213400951,0.08967961818045887,0.10381552190514294,0.09438935996523759,0.10604988738449993,0.12130247980057622,0.10336023340239345,0.09904657523110225,0.09692281222316208,0.09336637426187795,0.11047998467254257,0.11191904258272002,0.11150686805189869,0.11577415643237171,0.11259943408326295,0.11127087725390465,0.10950211150012716,0.10962809273217262,0.10932305397360798,0.10934449485377702,0.10786160241419755,0.0900468977254143,0.08852576325850456,0.10375087278999966,0.09431466853722319,0.10606568125692016,0.12127824954772648,0.10244660300422044,0.09798456829949866,0.09591458579968408,0.09270634137230331,0.11041112008329762,0.11204398553333791,0.11140179958515598,0.11517103960030858,0.11236948761447318,0.11226104169658514,0.11114988982848338,0.11011741375973082,0.11042568298708103,0.11001677834281187,0.10822627254642471,0.09024568619332943,0.08603077098791768,0.10304230806526125,0.09378485179877276,0.10472251329059788,0.11946293219177635,0.0999554291905755,0.09517998698685344,0.0930978679454052,0.09088256872276745,0.1082306118889219,0.11483072191537325,0.11194784406252552,0.10999839525184131,0.10952703916931668,0.11192009600465162,0.10915513200399249,0.11021825514590929,0.10918170662257683,0.020234364878812427,0.03443801218987839,0.03808742278882577,0.04369690563543178,0.04893946715404095,0.021812461966028953,0.02401379024548402,0.029080853125642934,0.03137126015841823,0.050186812818588875,0.04362544857697432,0.04271253485302324,0.04188413087514405,0.06883572826938178,0.0815006388757139,0.04318970258871552,0.04424706077375184,0.05119787229401458,0.0624191826230802],[0.0,0.007533747628744483,0.002537823747843504,0.002537823747843504,0.0,0.006018424850086685,0.0,0.0,-0.0034973963629454374,0.07969996277854828,0.0782405505888164,0.0782405505888164,0.07841233027977551,0.03302381141111255,0.05389307392761111,-0.0034973963629454374,0.0243282872252