(full_convex_hulls:(averages:[[0.0,-0.10660415601801386,0.012993247235247543,0.13960009191701717,-0.1030733171271528,0.01297779213066232,0.13976313477317046,-0.09296744309757331,0.015435143771336238,0.11256570964871533,-0.07352985931788558,0.015323308442151611,0.11461728479235297],[-0.10660415601801386,0.0,0.015971977638484396,0.16263506776753614,-0.013521109785180412,0.07815115144332828,0.19021692659881756,0.35950004875064295,0.35982887120454266,0.2668326780326851,0.3626678195376406,0.37488032032898067,0.2966203021358272],[0.012993247235247543,0.015971977638484396,0.0,-0.02935269888396908,0.09615106077367493,0.11464297445861696,0.19217008390739895,0.39433659801998483,0.3928435799298438,0.26778755727760784,0.4158354964636208,0.4347468847893118,0.3305446934895907],[0.13960009191701717,0.16263506776753614,-0.02935269888396908,0.0,0.2037291816479315,0.19289521033323273,0.2214949205236458,0.4644769374218573,0.448705653712854,0.31649355812308266,0.4872037281903447,0.4922636951295856,0.37684725081055787],[-0.1030733171271528,-0.013521109785180412,0.09615106077367493,0.2037291816479315,0.0,0.003800060901045884,0.14912393344577388,0.36009772809648727,0.3749315860407195,0.29495906244557424,0.35950004875064295,0.3598288269545221,0.2672638119550472],[0.01297779213066232,0.07815115144332828,0.11464297445861696,0.19289521033323273,0.003800060901045884,0.0,-0.029334650995874165,0.4051299206459398,0.43488238317409755,0.3308277160843939,0.39173985251061977,0.3929793667540913,0.2669655617782005],[0.13976313477317046,0.19021692659881756,0.19217008390739895,0.2214949205236458,0.14912393344577388,-0.029334650995874165,0.0,0.47730104340349216,0.49181343146723006,0.3772480133742335,0.45979133143125395,0.4498627186824051,0.3160642124527897],[-0.09296744309757331,0.35950004875064295,0.39433659801998483,0.4644769374218573,0.36009772809648727,0.4051299206459398,0.47730104340349216,0.0,0.015971977638613025,0.16094830199057167,-0.013359012603081413,0.07842928889051798,0.18870870537580228],[0.015435143771336238,0.35982887120454266,0.3928435799298438,0.448705653712854,0.3749315860407195,0.43488238317409755,0.49181343146723006,0.015971977638613025,0.0,-0.02930797046286846,0.09616618551242485,0.1126831042981464,0.19039431844220112],[0.11256570964871533,0.2668326780326851,0.26778755727760784,0.31649355812308266,0.29495906244557424,0.3308277160843939,0.3772480133742335,0.16094830199057167,-0.02930797046286846,0.0,0.2002254136680344,0.18873754773168927,0.2175709876082244],[-0.07352985931788558,0.3626678195376406,0.4158354964636208,0.4872037281903447,0.35950004875064295,0.39173985251061977,0.45979133143125395,-0.013359012603081413,0.09616618551242485,0.2002254136680344,0.0,0.0038000609010458825,0.14822631222514462],[0.015323308442151611,0.37488032032898067,0.4347468847893118,0.4922636951295856,0.3598288269545221,0.3929793667540913,0.4498627186824051,0.07842928889051798,0.1126831042981464,0.18873754773168927,0.0038000609010458825,0.0,-0.02929880094453695],[0.11461728479235297,0.2966203021358272,0.3305446934895907,0.37684725081055787,0.2672638119550472,0.2669655617782005,0.3160642124527897,0.18870870537580228,0.19039431844220112,0.2175709876082244,0.14822631222514462,-0.02929880094453695,0.0]],maximums:[[0.0,-0.10308293448622116,0.017796023143811932,0.20114165404469225,-0.10301359556974794,0.017793324340980046,0.2009476947345937,-0.0763793894067563,0.02034764323928869,0.20513599271356808,-0.07347769350169799,0.020346966423141447,0.20509477798521844],[-0.10308293448622116,0.0,0.01597197764627991,0.19917021658828327,-0.0028827224935388867,0.11191351395655824,0.29028908021671507,0.35950004875063907,0.3598303003847725,0.42834472184300354,0.3627084821331515,0.3779457884410586,0.4934771127402349],[0.017796023143811932,0.01597197764627991,0.0,-0.028784421452566294,0.1177126366861358,0.23282275888742704,0.4116206301383835,0.394467914634993,0.4070728531431808,0.526442832860698,0.420772764366286,0.45427909755993184,0.5947339157606311],[0.20114165404469225,0.19917021658828327,-0.028784421452566294,0.0,0.30005402887251925,0.41230010948385043,0.5779386635702771,0.4855390094702157,0.5283675827030412,0.6108222589806903,0.5405969000841284,0.5933924653380388,0.7254422888853791],[-0.10301359556974794,-0.0028827224935388867,0.1177126366861358,0.30005402887251925,0.0,0.003800060901045829,0.18793763427607024,0.3619153885034662,0.3779443629634425,0.4920531134731656,0.35950004875063907,0.3598302997027226,0.4282235627468163],[0.017793324340980046,0.11191351395655824,0.23282275888742704,0.41230010948385043,0.003800060901045829,0.0,-0.028814013677037495,0.4182593278153487,0.45428151051220206,0.5916836671012444,0.39446787731478455,0.4078375645156396,0.5270043291747463],[0.2009476947345937,0.29028908021671507,0.4116206301383835,0.5779386635702771,0.18793763427607024,-0.028814013677037495,0.0,0.5327702774002098,0.5947059351371704,0.7395236019001071,0.4855218209519691,0.5285604333158278,0.6087803980509702],[-0.0763793894067563,0.35950004875063907,0.394467914634993,0.4855390094702157,0.3619153885034662,0.4182593278153487,0.5327702774002098,0.0,0.015971977646315125,0.19917025879703548,-0.0029173055696751246,0.11249472599267651,0.2887675760606991],[0.02034764323928869,0.3598303003847725,0.4070728531431808,0.5283675827030412,0.3779443629634425,0.45428151051220206,0.5947059351371704,0.015971977646315125,0.0,-0.028784329144351382,0.11768954720776405,0.23269488699628751,0.41234305207575095],[0.20513599271356808,0.42834472184300354,0.526442832860698,0.6108222589806903,0.4920531134731656,0.5916836671012444,0.7395236019001071,0.19917025879703548,-0.028784329144351382,0.0,0.29956002248561253,0.4057799524919723,0.5699419216292725],[-0.07347769350169799,0.3627084821331515,0.420772764366286,0.5405969000841284,0.35950004875063907,0.39446787731478455,0.4855218209519691,-0.0029173055696751246,0.11768954720776405,0.29956002248561253,0.0,0.003800060901045843,0.18793777988432117],[0.020346966423141447,0.3779457884410586,0.45427909755993184,0.5933924653380388,0.3598302997027226,0.4078375645156396,0.5285604333158278,0.11249472599267651,0.23269488699628751,0.4057799524919723,0.003800060901045843,0.0,-0.028813850971662027],[0.20509477798521844,0.4934771127402349,0.5947339157606311,0.7254422888853791,0.4282235627468163,0.5270043291747463,0.6087803980509702,0.2887675760606991,0.41234305207575095,0.5699419216292725,0.18793777988432117,-0.028813850971662027,0.0]],minimums:[[0.0,-0.10749991864505293,0.00946694475475052,0.023841654700206164,-0.10310262562973725,0.009462828897932119,0.020885043058373572,-0.10309655659847278,0.009999017798757122,0.013911194855535994,-0.07354933298988309,0.00998793116263729,0.013910308000964784],[-0.10749991864505293,0.0,0.015971977630937988,0.051941553369210997,-0.021610861137215807,0.02514448836669092,0.04677672253204908,0.35950004875063885,0.3598266583908863,0.18625732355917618,0.36263261050649204,0.36947829066211924,0.1666075055126584],[0.00946694475475052,0.015971977630937988,0.0,-0.03301330489769098,0.02507214023024744,-0.08024081784571174,-0.0415057778552487,0.3913390805457866,0.38943755882893494,0.16581105030917712,0.39804038676733217,0.3964265212607511,0.16648717443483504],[0.023841654700206164,0.051941553369210997,-0.03301330489769098,0.0,0.051780174333726225,-0.044544127103675724,-0.04592819889696536,0.43816667150950545,0.4219859399231033,0.16505372352173503,0.4145132848932995,0.4076085123049686,0.16483144864762483],[-0.10310262562973725,-0.021610861137215807,0.02507214023024744,0.051780174333726225,0.0,0.0038000609010457737,0.021470230654621152,0.3595000487506389,0.36954008913074327,0.16844689645297653,0.35950004875063885,0.35982665876690334,0.18623356984152936],[0.009462828897932119,0.02514448836669092,-0.08024081784571174,-0.044544127103675724,0.0038000609010457737,0.0,-0.03301331064036504,0.3939767131994514,0.3961720800380173,0.1653308783824284,0.38945618322979764,0.389437559372024,0.16579412405398622],[0.020885043058373572,0.04677672253204908,-0.0415057778552487,-0.04592819889696536,0.021470230654621152,-0.03301331064036504,0.0,0.42582027543111195,0.4093359953573384,0.1662228915759004,0.4381119151107254,0.42184452484961765,0.16408630558535334],[-0.10309655659847278,0.35950004875063885,0.3913390805457866,0.43816667150950545,0.3595000487506389,0.3939767131994514,0.42582027543111195,0.0,0.015971977630936947,0.051551873661288036,-0.021598139149727923,0.025708499205621287,0.05776757058424386],[0.009999017798757122,0.3598266583908863,0.38943755882893494,0.4219859399231033,0.36954008913074327,0.3961720800380173,0.4093359953573384,0.015971977630936947,0.0,-0.03301331041995629,0.028311683592259114,-0.07891117746912556,-0.0456834040002356],[0.013911194855535994,0.18625732355917618,0.16581105030917712,0.16505372352173503,0.16844689645297653,0.1653308783824284,0.1662228915759004,0.051551873661288036,-0.03301331041995629,0.0,0.05039933843271305,-0.04365539137289187,-0.0482455042959649],[-0.07354933298988309,0.36263261050649204,0.39804038676733217,0.4145132848932995,0.35950004875063885,0.38945618322979764,0.4381119151107254,-0.021598139149727923,0.028311683592259114,0.05039933843271305,0.0,0.0038000609010457737,0.021561208959031984],[0.00998793116263729,0.36947829066211924,0.3964265212607511,0.4076085123049686,0.35982665876690334,0.389437559372024,0.42184452484961765,0.025708499205621287,-0.07891117746912556,-0.04365539137289187,0.0038000609010457737,0.0,-0.03301331074917109],[0.013910308000964784,0.1666075055126584,0.16648717443483504,0.16483144864762483,0.18623356984152936,0.16579412405398622,0.16408630558535334,0.05776757058424386,-0.0456834040002356,-0.0482455042959649,0.021561208959031984,-0.03301331074917109,0.0]]),full_obbs:(averages:[[0.0,-0.12344841028879601,-0.005738216378933316,0.11082622819860131,-0.12080492080912997,-0.005336881419224865,0.10712352498381272,-0.1155588790040799,-0.00521410686633182,0.0917831743211559,-0.115210542354048,-0.005459529704725551,0.09276204420034886],[-0.12344841028879601,0.0,0.014400091323256665,0.13000117301371014,-0.02925511288215479,0.07564342860487683,0.1641001639331763,0.35950004875064295,0.35956051373782105,0.25462588835213484,0.35950004875064295,0.3676896331775412,0.27773707375545637],[-0.005738216378933316,0.014400091323256665,0.0,-0.037176238372921944,0.08076085625356581,0.1081358174188344,0.17598220360849748,0.3894572038360267,0.3897605434954782,0.2534320541876922,0.39813836380519085,0.4149126646779674,0.3128728700533414],[0.11082622819860131,0.13000117301371014,-0.037176238372921944,0.0,0.17245242398282826,0.17852654924108521,0.20175547906079216,0.43312780104393167,0.4164922767410357,0.2981271813394782,0.45215169134423644,0.45989566804246956,0.35457652616880747],[-0.12080492080912997,-0.02925511288215479,0.08076085625356581,0.17245242398282826,0.0,0.0038000609010458487,0.12516251283960222,0.35950004875064295,0.3693652977231274,0.2816116365673098,0.35950004875064295,0.3595342548695445,0.2546865922255129],[-0.005336881419224865,0.07564342860487683,0.1081358174188344,0.17852654924108521,0.0038000609010458487,0.0,-0.037176238372921944,0.3970931263424774,0.4156492534992065,0.3146634019382069,0.3894328641465614,0.3897433541577245,0.2528791435335684],[0.10712352498381272,0.1641001639331763,0.17598220360849748,0.20175547906079216,0.12516251283960222,-0.037176238372921944,0.0,0.44878173444703906,0.46039148273794434,0.3545947063326158,0.43257877686395707,0.41626016276899497,0.2947188456342228],[-0.1155588790040799,0.35950004875064295,0.3894572038360267,0.43312780104393167,0.35950004875064295,0.3970931263424774,0.44878173444703906,0.0,0.01440009132325666,0.12626896225263545,-0.02957617751019621,0.07408242952897279,0.16387097228852798],[-0.00521410686633182,0.35956051373782105,0.3897605434954782,0.4164922767410357,0.3693652977231274,0.4156492534992065,0.46039148273794434,0.01440009132325666,0.0,-0.037176238372921944,0.08237074363332603,0.11171473578008122,0.1752235604867372],[0.0917831743211559,0.25462588835213484,0.2534320541876922,0.2981271813394782,0.2816116365673098,0.3146634019382069,0.3545947063326158,0.12626896225263545,-0.037176238372921944,0.0,0.17018539413304587,0.17449274983714405,0.196691337483562],[-0.115210542354048,0.35950004875064295,0.39813836380519085,0.45215169134423644,0.35950004875064295,0.3894328641465614,0.43257877686395707,-0.02957617751019621,0.08237074363332603,0.17018539413304587,0.0,0.0038000609010458526,0.1267086182758464],[-0.005459529704725551,0.3676896331775412,0.4149126646779674,0.45989566804246956,0.3595342548695445,0.3897433541577245,0.41626016276899497,0.07408242952897279,0.11171473578008122,0.17449274983714405,0.0038000609010458526,0.0,-0.037176238372921944],[0.09276204420034886,0.27773707375545637,0.3128728700533414,0.35457652616880747,0.2546865922255129,0.2528791435335684,0.2947188456342228,0.16387097228852798,0.1752235604867372,0.196691337483562,0.1267086182758464,-0.037176238372921944,0.0]],maximums:[[0.0,-0.1076230297150287,0.012269485076347383,0.17836487789065225,-0.10501923516230675,0.012382817180407568,0.17884355697714233,-0.1075519122796894,0.012333338933218946,0.17669460224761338,-0.1050639822633204,0.012342752512627592,0.1764576236908518],[-0.1076230297150287,0.0,0.014400091323256571,0.17190445602689333,-0.00865337216270048,0.10817350656853209,0.2659784741478972,0.359500048750639,0.35980585244310176,0.4184295187686202,0.3595000487506391,0.3757174934787303,0.47339250910427677],[0.012269485076347383,0.014400091323256571,0.0,-0.03717623837292186,0.11540108801482146,0.23285084030214442,0.39397851405618717,0.38968390383797263,0.3982119047730188,0.5139555008630579,0.4062859874033799,0.45372092096372524,0.5793578856908881],[0.17836487789065225,0.17190445602689333,-0.03717623837292186,0.0,0.28129646227078214,0.3986630273065939,0.5471201444463485,0.45515156470792034,0.5152927845179828,0.5977352884796931,0.5055721281102881,0.5794551220993382,0.7101354441714388],[-0.10501923516230675,-0.00865337216270048,0.11540108801482146,0.28129646227078214,0.0,0.003800060901045857,0.17122455435748252,0.3595000487506391,0.3777188733294764,0.4808815803038663,0.359500048750639,0.3598042853817534,0.41984815953851484],[0.012382817180407568,0.10817350656853209,0.23285084030214442,0.3986630273065939,0.003800060901045857,0.0,-0.03717623837292185,0.4041260877482906,0.4533521527841909,0.5819541128643181,0.3896826957227005,0.3979472023918413,0.5161623092562813],[0.17884355697714233,0.2659784741478972,0.39397851405618717,0.5471201444463485,0.17122455435748252,-0.03717623837292185,0.0,0.500320186733371,0.5808366372142879,0.7211268354724573,0.4551119316874254,0.5156869991573708,0.6014812286394493],[-0.1075519122796894,0.359500048750639,0.38968390383797263,0.45515156470792034,0.3595000487506391,0.4041260877482906,0.500320186733371,0.0,0.014400091323256543,0.17191952887013331,-0.009753555995039033,0.10728563235215116,0.27239540155741426],[0.012333338933218946,0.35980585244310176,0.3982119047730188,0.5152927845179828,0.3777188733294764,0.4533521527841909,0.5808366372142879,0.014400091323256543,0.0,-0.03717623837292186,0.11523352228710138,0.2318844584268545,0.39969010509395025],[0.17669460224761338,0.4184295187686202,0.5139555008630579,0.5977352884796931,0.4808815803038663,0.5819541128643181,0.7211268354724573,0.17191952887013331,-0.03717623837292186,0.0,0.2757477210582482,0.3931477305443275,0.5371013789790056],[-0.1050639822633204,0.3595000487506391,0.4062859874033799,0.5055721281102881,0.359500048750639,0.3896826957227005,0.4551119316874254,-0.009753555995039033,0.11523352228710138,0.2757477210582482,0.0,0.00380006090104585,0.171182590848246],[0.012342752512627592,0.3757174934787303,0.45372092096372524,0.5794551220993382,0.3598042853817534,0.3979472023918413,0.5156869991573708,0.10728563235215116,0.2318844584268545,0.3931477305443275,0.00380006090104585,0.0,-0.03717623837292186],[0.1764576236908518,0.47339250910427677,0.5793578856908881,0.7101354441714388,0.41984815953851484,0.5161623092562813,0.6014812286394493,0.27239540155741426,0.39969010509395025,0.5371013789790056,0.171182590848246,-0.03717623837292186,0.0]],minimums:[[0.0,-0.12881595905797913,-0.01154831469956051,-0.00911491892098958,-0.1263159714716536,-0.011548314076529873,-0.009124593202779486,-0.11629998959898952,-0.011548295587504056,-0.009124541448099087,-0.11629998959898952,-0.011548293513456678,-0.009112521826160548],[-0.12881595905797913,0.0,0.01440009132325644,0.016929088744175397,-0.041305154571144795,0.025236829736586655,0.02967155939389021,0.359500048750639,0.3595188236935386,0.16824112810663405,0.3595000487506389,0.36020684306011713,0.14819976178103123],[-0.01154831469956051,0.01440009132325644,0.0,-0.03717623837292203,0.022800457551754777,-0.09196244658355616,-0.07327835734744176,0.38941877486155674,0.3894375464986111,0.15758664133554387,0.3900156493324546,0.3894375346104056,0.1576862170870266],[-0.00911491892098958,0.016929088744175397,-0.03717623837292203,0.0,0.037295547752839345,-0.07317950300876892,-0.06299445459426767,0.4213799464028543,0.38594356941425145,0.15485715161086805,0.4003670807174191,0.3859438849145447,0.15567804700396148],[-0.1263159714716536,-0.041305154571144795,0.022800457551754777,0.037295547752839345,0.0,0.003800060901045746,0.006292629007564332,0.3595000487506389,0.3602194336138873,0.15431765094857283,0.359500048750639,0.359518823591777,0.1680594934448468],[-0.011548314076529873,0.025236829736586655,-0.09196244658355616,-0.07317950300876892,0.003800060901045746,0.0,-0.03717623837292203,0.3902484902673948,0.38943753410948334,0.1576530827765855,0.38941877506247996,0.38943754584256013,0.1575657075755333],[-0.009124593202779486,0.02967155939389021,-0.07327835734744176,-0.06299445459426767,0.006292629007564332,-0.03717623837292203,0.0,0.4007175466649906,0.38595408701971085,0.15492936572081856,0.4213881734887457,0.38594323257883234,0.15491303320975164],[-0.11629998959898952,0.359500048750639,0.38941877486155674,0.4213799464028543,0.3595000487506389,0.3902484902673948,0.4007175466649906,0.0,0.01440009132325644,0.016876606942513205,-0.04142423699940013,0.021581330427308858,0.028526648459871518],[-0.011548295587504056,0.3595188236935386,0.3894375464986111,0.38594356941425145,0.3602194336138873,0.38943753410948334,0.38595408701971085,0.01440009132325644,0.0,-0.03717623837292205,0.022790936860780982,-0.09196244881445753,-0.07364094542964346],[-0.009124541448099087,0.16824112810663405,0.15758664133554387,0.15485715161086805,0.15431765094857283,0.1576530827765855,0.15492936572081856,0.016876606942513205,-0.03717623837292205,0.0,0.03435918990900111,-0.07434420708748825,-0.06021974274809379],[-0.11629998959898952,0.3595000487506389,0.3900156493324546,0.4003670807174191,0.359500048750639,0.38941877506247996,0.4213881734887457,-0.04142423699940013,0.022790936860780982,0.03435918990900111,0.0,0.0038000609010457598,0.006332765083664723],[-0.011548293513456678,0.36020684306011713,0.3894375346104056,0.3859438849145447,0.359518823591777,0.38943754584256013,0.38594323257883234,0.021581330427308858,-0.09196244881445753,-0.07434420708748825,0.0038000609010457598,0.0,-0.03717623837292203],[-0.009112521826160548,0.14819976178103123,0.1576862170870266,0.15567804700396148,0.1680594934448468,0.1575657075755333,0.15491303320975164,0.028526648459871518,-0.07364094542964346,-0.06021974274809379,0.006332765083664723,-0.03717623837292203,0.0]]),full_bounding_spheres:(averages:[[0.0,-0.4515977799739332,-0.44624728006466646,-0.3181240033737934,-0.4629852622362772,-0.4467569427715693,-0.3168143376674016,-0.1850814866414286,-0.22617172588526663,-0.29292318866370437,-0.1884589251476596,-0.22614096918866122,-0.2919720131479921],[-0.4515977799739332,0.0,-0.13840446302532775,-0.04234561716247811,-0.11180727810853591,-0.07036433921326614,0.012110922719821011,0.26684057399767386,0.2110626737949002,0.12728834808047665,0.2775212983637195,0.23821803715282364,0.15921642645819806],[-0.44624728006466646,-0.13840446302532775,0.0,-0.24256431710108045,-0.08537609169680592,-0.15976559523226075,-0.08154840882665466,0.1827525606909464,0.08838098134887426,-0.011223133834539213,0.20430700432814375,0.14002437862184558,0.050487688673206674],[-0.3181240033737934,-0.04234561716247811,-0.24256431710108045,0.0,-0.002116149145446642,-0.08404510414633462,-0.09568393901273213,0.3437096320680109,0.24196327391215997,0.12999804139291096,0.3601499637422276,0.28278807240717924,0.1797192384233493],[-0.4629852622362772,-0.11180727810853591,-0.08537609169680592,-0.002116149145446642,0.0,-0.12304112995978297,-0.028982025687725916,0.2775237670309858,0.2299720152609915,0.14810577462517036,0.2668380987791837,0.2134906487111171,0.1310463226920282],[-0.4467569427715693,-0.07036433921326614,-0.15976559523226075,-0.08404510414633462,-0.12304112995978297,0.0,-0.24223695280446103,0.21220365057860746,0.1371609580717414,0.04275961060555553,0.18666629871802923,0.0876251212145698,-0.010651162489480094],[-0.3168143376674016,0.012110922719821011,-0.08154840882665466,-0.09568393901273213,-0.028982025687725916,-0.24223695280446103,0.0,0.3667310188557934,0.280898773243413,0.17304994558232417,0.3469513162841908,0.24164095765777396,0.13298307964918402],[-0.1850814866414286,0.26684057399767386,0.1827525606909464,0.3437096320680109,0.2775237670309858,0.21220365057860746,0.3667310188557934,0.0,-0.13840446302556134,-0.036221306383304716,-0.11183576865308144,-0.07000450606885099,0.01147380461440455],[-0.22617172588526663,0.2110626737949002,0.08838098134887426,0.24196327391215997,0.2299720152609915,0.1371609580717414,0.280898773243413,-0.13840446302556134,0.0,-0.23916314706269892,-0.08897446080970951,-0.16521285399519875,-0.08745863204807419],[-0.29292318866370437,0.12728834808047665,-0.011223133834539213,0.12999804139291096,0.14810577462517036,0.04275961060555553,0.17304994558232417,-0.036221306383304716,-0.23916314706269892,0.0,-0.0005844981665227323,-0.08840534310401536,-0.10045549340534325],[-0.1884589251476596,0.2775212983637195,0.20430700432814375,0.3601499637422276,0.2668380987791837,0.18666629871802923,0.3469513162841908,-0.11183576865308144,-0.08897446080970951,-0.0005844981665227323,0.0,-0.12304112996111316,-0.02932556705426864],[-0.22614096918866122,0.23821803715282364,0.14002437862184558,0.28278807240717924,0.2134906487111171,0.0876251212145698,0.24164095765777396,-0.07000450606885099,-0.16521285399519875,-0.08840534310401536,-0.12304112996111316,0.0,-0.24247989612913626],[-0.2919720131479921,0.15921642645819806,0.050487688673206674,0.1797192384233493,0.1310463226920282,-0.010651162489480094,0.13298307964918402,0.01147380461440455,-0.08745863204807419,-0.10045549340534325,-0.02932556705426864,-0.24247989612913626,0.0]],maximums:[[0.0,-0.45002425691129966,-0.4218814467615156,-0.18985641723389607,-0.4594339381486503,-0.42225545676701887,-0.189819395748429,-0.18459872759306561,-0.21281395382394047,-0.15231498550363864,-0.18744304282898777,-0.21375282810316293,-0.14936355974642024],[-0.45002425691129966,0.0,-0.13840446268200704,0.08290316654961527,-0.10108680837518165,-0.013400734073188869,0.19954341740133552,0.26751867274549485,0.21815778004325415,0.24175941920386423,0.2798752924071071,0.2636614952092197,0.3172416181621296],[-0.4218814467615156,-0.13840446268200704,0.0,-0.17431395374081513,-0.03406457931031026,0.052951792311759005,0.25375125634483575,0.19052846614241148,0.1687260831502468,0.21166890128926796,0.2279932133250837,0.25427410190400557,0.3378705251093257],[-0.18985641723389607,0.08290316654961527,-0.17431395374081513,0.0,0.17513206019591332,0.24254456807732816,0.3760007641103275,0.40013279557821846,0.3797014807174377,0.376659430206886,0.443167620760923,0.4747381756478767,0.5293987104328122],[-0.4594339381486503,-0.10108680837518165,-0.03406457931031026,0.17513206019591332,0.0,-0.12304112964323108,0.09004261206570013,0.2798625635032301,0.2536955574435218,0.2976930645477841,0.2675280625471634,0.21745648537782974,0.244255637148862],[-0.42225545676701887,-0.013400734073188869,0.052951792311759005,0.24254456807732816,-0.12304112964323108,0.0,-0.17503117091747117,0.23939092399823297,0.2551191868864675,0.3293573694813461,0.19094235251946684,0.1695387973346436,0.221574750335791],[-0.189819395748429,0.19954341740133552,0.25375125634483575,0.3760007641103275,0.09004261206570013,-0.17503117091747117,0.0,0.4569361878264545,0.47722723905252606,0.49011884842099934,0.4002981171770069,0.38446971514701656,0.38210372210021154],[-0.18459872759306561,0.26751867274549485,0.19052846614241148,0.40013279557821846,0.2798625635032301,0.23939092399823297,0.4569361878264545,0.0,-0.13840446268242443,0.08275857154383365,-0.10114033950015094,-0.013415336175685855,0.19867195122147085],[-0.21281395382394047,0.21815778004325415,0.1687260831502468,0.3797014807174377,0.2536955574435218,0.2551191868864675,0.47722723905252606,-0.13840446268242443,0.0,-0.17438541960386086,-0.03397679869860243,0.05292379601808039,0.25128973206567984],[-0.15231498550363864,0.24175941920386423,0.21166890128926796,0.376659430206886,0.2976930645477841,0.3293573694813461,0.49011884842099934,0.08275857154383365,-0.17438541960386086,0.0,0.16852257576169183,0.2410178823546656,0.37815143752522057],[-0.18744304282898777,0.2798752924071071,0.2279932133250837,0.443167620760923,0.2675280625471634,0.19094235251946684,0.4002981171770069,-0.10114033950015094,-0.03397679869860243,0.16852257576169183,0.0,-0.12304112964384786,0.09004347553568343],[-0.21375282810316293,0.2636614952092197,0.25427410190400557,0.4747381756478767,0.21745648537782974,0.1695387973346436,0.38446971514701656,-0.013415336175685855,0.05292379601808039,0.2410178823546656,-0.12304112964384786,0.0,-0.17503073326025945],[-0.14936355974642024,0.3172416181621296,0.3378705251093257,0.5293987104328122,0.244255637148862,0.221574750335791,0.38210372210021154,0.19867195122147085,0.25128973206567984,0.37815143752522057,0.09004347553568343,-0.17503073326025945,0.0]],minimums:[[0.0,-0.4548490314108064,-0.4932685228900815,-0.47099838031583086,-0.46471287189407023,-0.4928030294202847,-0.4773635502012732,-0.18608864386494833,-0.24765356537889904,-0.37304931793317436,-0.1889487622680029,-0.24822248893454085,-0.3720332611655277],[-0.4548490314108064,0.0,-0.13840446336940304,-0.18454946959243834,-0.12198811235617038,-0.18845557043321493,-0.18441401633259122,0.2666216389453021,0.20688676866982925,0.07626413833655121,0.27543290131980164,0.19372186913342887,0.053753134700747995],[-0.4932685228900815,-0.13840446336940304,0.0,-0.32445177098328176,-0.18498481297528496,-0.4131030986982206,-0.34470322463926106,0.17863357958603315,0.0606649618697333,-0.0966650173423092,0.16620392197458222,0.05989906225011321,-0.10048654671136065],[-0.47099838031583086,-0.18454946959243834,-0.32445177098328176,0.0,-0.18392052706021292,-0.3435996441588317,-0.3939638472539027,0.22783524024082857,0.13217350537724593,-0.00747227562789754,0.23504525138523957,0.13583002526291066,-0.00871410001095363],[-0.46471287189407023,-0.12198811235617038,-0.18498481297528496,-0.18392052706021292,0.0,-0.12304113027673036,-0.16390858169421693,0.2754470755284669,0.19582549721907327,0.0577388308035402,0.26662163822981394,0.20616067911384744,0.07676153195681412],[-0.4928030294202847,-0.18845557043321493,-0.4131030986982206,-0.3435996441588317,-0.12304113027673036,0.0,-0.324832602335774,0.16582983965429088,0.061085151293294504,-0.09966292032819951,0.17904432202728804,0.060191772159017,-0.09666977463545334],[-0.4773635502012732,-0.18441401633259122,-0.34470322463926106,-0.3939638472539027,-0.16390858169421693,-0.324832602335774,0.0,0.2353426148596105,0.12841451959764882,-0.01589564424055606,0.22911168187459585,0.12998281450416027,-0.004965434374419375],[-0.18608864386494833,0.2666216389453021,0.17863357958603315,0.22783524024082857,0.2754470755284669,0.16582983965429088,0.2353426148596105,0.0,-0.13840446337038473,-0.18429740628021252,-0.12205248474926456,-0.18852135519382776,-0.17834669590599997],[-0.24765356537889904,0.20688676866982925,0.0606649618697333,0.13217350537724593,0.19582549721907327,0.061085151293294504,0.12841451959764882,-0.13840446337038473,0.0,-0.3242824627644107,-0.18826115412213051,-0.4148102262141493,-0.3380527256771579],[-0.37304931793317436,0.07626413833655121,-0.0966650173423092,-0.00747227562789754,0.0577388308035402,-0.09966292032819951,-0.01589564424055606,-0.18429740628021252,-0.3242824627644107,0.0,-0.18014962504694915,-0.3467518462118495,-0.3840129524855074],[-0.1889487622680029,0.27543290131980164,0.16620392197458222,0.23504525138523957,0.26662163822981394,0.17904432202728804,0.22911168187459585,-0.12205248474926456,-0.18826115412213051,-0.18014962504694915,0.0,-0.12304113027558658,-0.16388286755625403],[-0.24822248893454085,0.19372186913342887,0.05989906225011321,0.13583002526291066,0.20616067911384744,0.060191772159017,0.12998281450416027,-0.18852135519382776,-0.4148102262141493,-0.3467518462118495,-0.12304113027558658,0.0,-0.3248128680121998],[-0.3720332611655277,0.053753134700747995,-0.10048654671136065,-0.00871410001095363,0.07676153195681412,-0.09666977463545334,-0.004965434374419375,-0.17834669590599997,-0.3380527256771579,-0.3840129524855074,-0.16388286755625403,-0.3248128680121998,0.0]]),decomposition_convex_hulls:(averages:[[0.0,0.0,0.3682843744754791,0.3682843744754791,0.43478015065193176,0.43478015065193176,0.0,0.0,0.0,0.005115061998367308,0.3346559563994437,0.35193311519623094,0.35193311519623094,0.37784885339141194,0.38712985742118683,0.3806763836662478,0.4127228320492834,0.40447036358477095,0.4161840972453072,0.4062404332372487,0.37123494520100453,0.370842761516299,0.5867257850289187,0.43433891222359894,0.6197966841380571,0.608958273363472,0.5482388286983688,0.5296244150399044,0.5004004996638011,0.47591477187893433,0.3346559563994437,0.35443049947517546,0.35193311519623094,0.37784885339141194,0.3806415110133053,0.4073568246684563,0.3911430396761321,0.3843736698376249,0.37809651815832207,0.4242650875375068,0.40623597038092546,0.37068318465347677,0.3879279592694139,0.5878988333594128,0.4341245610995121,0.6151090976349395,0.6099809542781224,0.5498078132360833,0.5304681085642553,0.502584328937042,0.4765527223535833,0.037395798635482584,-0.045568271423950486,0.01148006044030211,-0.028134736347166373,0.1052718095090531,0.08281884600540745,0.17746683935904817,0.09993248983600071,0.18442898505774166,0.1599676480302806,0.05721194238770274,0.055249436871535246,0.20301592466812515,0.2018949728429494,0.2327049404954604,0.21101821609456514,0.19020419812264644,0.1928517970355029,0.19061917291579117,0.1969663240821806,0.037395798635482584,0.031442805676243114,0.01148006044030211,-0.019826722623847826,0.08330930364987414,0.15813303920441563,0.11968059896725719,0.09713945948960485,0.07279575762810933,0.1997176774520865,0.16125412782106235,0.06508423466696586,0.05541123723289206,0.20678079487213147,0.19958590137625895,0.220209114658307,0.2159322507487339,0.19400002021748464,0.1940735549817268,0.1921162266522333,0.19687516508647396],[0.0,0.0,0.08263633828553003,0.0,0.10532553956518274,0.06649577617645264,0.12307834195972957,0.09207108616828918,0.07672591134905815,0.0,-0.020828231288292177,0.014778167055892103,-0.005586925926031624,0.015283777101461763,0.13160873099511078,0.09276925246312341,0.20709000983088355,0.08926169629303861,0.2231135304522688,0.19759060233192896,0.04556028104832485,0.04471752323271528,0.3104439627044407,0.24451868786384853,0.33907367107828446,0.32480318183887147,0.28710622991661133,0.27912923163704445,0.2651144982842005,0.2577090723289179,-0.02148512136605755,0.017417789274080935,-0.007241569612299609,0.014493400383390509,0.0924871536906082,0.19454166368199682,0.14930224193131394,0.11670795144903258,0.07383746959843489,0.23205275695533673,0.1956286073513232,0.04234337896308263,0.051795744065290195,0.31191339666487755,0.24196068755312422,0.33254532757554056,0.32712779188002655,0.2884136846543357,0.27890271408671163,0.2656246023914968,0.256595359131053,0.12958231604205514,0.03714944111603291,0.10383263921260043,0.030934029728031127,0.1472849928499108,0.10643945181242316,0.22001834348606197,0.09113983647463883,0.2330397458412886,0.20871780385179933,0.04844639781104503,0.04747745025389789,0.21106320996227582,0.24745240709136587,0.21655914859848113,0.19850899326854085,0.2127034740342171,0.22484965963355194,0.2269143507234747,0.23687900589436606,0.12973368296374543,0.03901718367767469,0.10385551278842255,0.03133682581260975,0.10835621027173173,0.210220196131245,0.16758713583401974,0.13552709133424318,0.08361618568742005,0.24451142486273783,0.20903470985838696,0.10947340328209744,0.04775552068184251,0.2168564335363134,0.24788837245515072,0.20850740934051148,0.20516440796341204,0.21796189226933588,0.22819868919162403,0.2297562063446913,0.2384758382772977],[0.3682843744754791,0.08263633828553003,0.0,0.09718615189194679,0.0,0.052662776917470316,0.4603554606437683,0.47050217668369326,0.0,0.03311523162881948,0.021229506097164903,0.012102199837389272,0.013306459829586675,0.010247298960675583,0.11096455174174201,0.09278814334129924,0.18066079274263577,0.12963931825178268,0.18792184994357744,0.16331697317038732,0.0901745110417371,0.08815045307525765,0.23312819237102766,0.20554893872161994,0.2670019549980708,0.24560242816902844,0.213866709667284,0.210150278227025,0.2026374536104937,0.20380639707013487,0.01934418340419901,0.06221179731560876,0.009950510458205832,0.00920837355876653,0.0932669265709655,0.16075361281265765,0.1225209528351247,0.10196272560862372,0.08725209840248586,0.20236586720258404,0.16377780359209793,0.08936112362674807,0.0884039272985279,0.23601275384141246,0.20232366290154266,0.2546025108820454,0.24986821559882774,0.21696527503458643,0.21060434041152193,0.2036970188657832,0.20313477829825055,0.49793933701041637,0.3953267858202628,0.4721066408956981,0.3944467989800894,0.45241204555467157,0.4336051430444993,0.47971667656078326,0.4397908518366145,0.47664724137147496,0.47223683395392896,0.404790901111205,0.40407494756918316,0.34686712862986113,0.47372683065111976,0.32202443427629923,0.3073305837822641,0.36664838824684304,0.39885184617065733,0.4157042292047527,0.4436933237493968,0.49785888019103697,0.39984362429058806,0.47194528888791204,0.3952050086046378,0.4341326101204139,0.47306433378585605,0.45810525879121355,0.4481985011507883,0.4196160419406144,0.4826480895012991,0.47137851215584975,0.4756196350658003,0.40357894851629655,0.34807591715077457,0.47241529323822035,0.3126826123931815,0.3096334293789911,0.3680007541555815,0.39999734993954916,0.4163344776683875,0.4443769228767883],[0.3682843744754791,0.0,0.09718615189194679,0.0,0.05718811815112396,0.0,0.47050217668369326,0.4603554606437683,0.09718615189194679,0.038151678049545265,0.019079436726679434,0.01231695580277112,0.011225898457057007,0.007783234259369265,0.1708645433130842,0.13227856456920575,0.24968019944735576,0.12587928722285874,0.26421962220599915,0.23710534012590184,0.08617782630149068,0.08401031437330651,0.29276762425429054,0.28146295437360425,0.3180403266415303,0.29976677187269446,0.2803267497907433,0.2818538244663742,0.27731191686374,0.2801917219714028,0.02233463220426079,0.06259445888287984,0.010381429048440898,0.009488318046578018,0.137664548285111,0.23695295420697446,0.19233956544317862,0.16109203504011585,0.11974319165342971,0.2774667410622471,0.23911398698319786,0.0895339352495078,0.08688118644587653,0.2982205365684476,0.2812179075050492,0.3099860689074586,0.30553212580395656,0.28604595968267327,0.2860616520992887,0.28185977685577596,0.28328989166804147,0.497846852161918,0.3951699686268019,0.4720062909725996,0.3941477440547336,0.47051981201960136,0.4435905820567281,0.5112788352257518,0.4396369382488713,0.512333888744659,0.5021365252278426,0.4048513638076079,0.4045129887323662,0.39188246398940796,0.5137157128675985,0.36769567957221017,0.35375287655236654,0.4106139385362886,0.44192680736624596,0.4582294912648421,0.4850515514730234,0.4979840011825659,0.40083369675518105,0.47206964552647296,0.3958652227142652,0.4459503375836159,0.5039600908547617,0.48101661492663494,0.46497301707975297,0.4273664473978574,0.5197891525915994,0.5018667322186019,0.4763393206504037,0.40509643749198226,0.3949269995237718,0.5133819325353906,0.36162741008776744,0.35836414006613654,0.4136359571362846,0.44443178062717215,0.45999608781553997,0.4866749888190734],[0.43478015065193176,0.10532553956518274,0.0,0.05718811815112396,0.0,0.0,0.526851236820221,0.5357400245068193,0.06649577617645264,0.09797876701094338,0.0836043878002133,-0.0026142647387130784,0.05845105355498122,-0.00628705151017173,0.09104482965995365,0.06216671419612224,0.16377374088754426,0.0827239192705237,0.17193174557703017,0.14789805600796121,0.04044972180123102,0.037830809891043975,0.1817311215689708,0.18941379978522846,0.21079030355177739,0.1900016423729463,0.17048690181022247,0.1749657674586156,0.17391410808650765,0.18075873819602012,0.08389358609435332,0.014481701218400665,0.058422570739426846,-0.003757138556018273,0.06372681843549986,0.1485263493175533,0.10898786923828138,0.08200646139554436,0.046679875997654566,0.18720788172603306,0.14913842467382252,0.08408128216901377,0.037421734588381064,0.1854369218039192,0.18818594551825066,0.1983525266107388,0.19408346269916915,0.17444675475574895,0.17714247046314444,0.17600035886774534,0.1815343032972124,0.5643599329397028,0.46133725037342643,0.5384970535029131,0.46045852994046976,0.5158337764420591,0.4972520020076379,0.5401841858453696,0.5023337547427876,0.5369789031903223,0.5338594638548383,0.4685209651758507,0.4679244993853794,0.39938768567331534,0.5321899293018421,0.36728747219581637,0.35489512763673803,0.42079763888099575,0.45503172262701386,0.4727677520705004,0.5020299025331363,0.5644016204386888,0.4659256301673297,0.5384906499370611,0.4616078916812616,0.4997552124049188,0.5361468912890036,0.5228913627439303,0.5136681384414026,0.4853924717991752,0.5430042483845834,0.5348188011047281,0.541714378722202,0.4692215862338853,0.4012004552353005,0.5322897643332238,0.36145443527932103,0.3578014289054672,0.422849417492012,0.45699026723651365,0.47442895220562886,0.5037456359248472],[0.43478015065193176,0.06649577617645264,0.052662776917470316,0.0,0.0,0.0,0.5357400245068193,0.526851236820221,0.10293860548739446,0.09970044504067856,0.08303505146373764,-0.003187247416615785,0.057409082618425984,-0.007700140332556384,0.1242187447694665,0.08557998125153111,0.20008323762256763,0.08225823074707832,0.21129953248628502,0.18667419119398965,0.039314456765044345,0.03726634399916072,0.21044679120869697,0.227947226868071,0.23237355358899253,0.21298036684954283,0.2039620187163621,0.21154516964211584,0.21167804030478957,0.21920320366832494,0.08326387732051724,0.011187889274250568,0.05748601002049532,-0.005309167020715672,0.08232800674090866,0.1834636175698881,0.14093032595671115,0.10807997695189035,0.0603087093405225,0.22137583359830304,0.183530871149999,0.08137326738157893,0.03452668088876731,0.2140083073543611,0.2240934826447783,0.22118108450649707,0.21714585532496483,0.20722190428059595,0.21301487658969154,0.21258369843172625,0.21836392288107012,0.5642735359739227,0.4612254456152578,0.5383865004080665,0.460132453874043,0.5308526533360793,0.5049967516003202,0.5663742297745933,0.5011592214147721,0.5658575604921833,0.5589321334314269,0.4677530953855949,0.46749624049667926,0.4271687618603385,0.5620331048135597,0.39319314732490934,0.3812097106091623,0.44900441383272066,0.4843710540343306,0.502528641282347,0.5321533529161648,0.5643083126615047,0.46494244252122985,0.5383899297454428,0.46106906076860166,0.5074517486335399,0.5599779790597067,0.5402869081990019,0.5260246202077128,0.4896144293549303,0.5692754744118005,0.557770235656166,0.5406376293294065,0.46825803908526065,0.4271165656115773,0.5600968179436857,0.38630023676045555,0.38233138250988585,0.4491392405733181,0.48423601751356427,0.5020401431002257,0.5316771145247555],[0.0,0.12307834195972957,0.4603554606437683,0.47050217668369326,0.526851236820221,0.5357400245068193,0.0,0.0,0.09207108616828918,0.09772309262635741,0.42675924818738253,0.44541787327386584,0.4441812609893253,0.47007492095589093,0.47818802356133394,0.4736184428730037,0.49998643594544395,0.5013324251279269,0.502763010872236,0.4939346991165136,0.46775124529572554,0.46679920267026914,0.6757725483557342,0.518816030