(full_convex_hulls:(averages:[[0.0,-0.012702590715552055,0.0762507892886222,0.09187394420942517,0.07875534916333805,0.09385258208884706,0.07647169436349961,0.0907374427129673,0.07159267193152456,0.08791949106666017,0.011431668800888325,0.037008341447835894],[-0.012702590715552055,0.0,-0.015940938061194027,0.01934516006561686,-0.016600229108656942,0.019045841426764503,-0.015750356325307763,0.019025908621268225,-0.015885864981358112,0.018792027017003506,-0.01337750193352604,0.007332076894014802],[0.0762507892886222,-0.015940938061194027,0.0,-0.004318598026204726,0.00471886469847688,0.01137055527803744,0.023705307075977174,0.027053274448105503,0.041781501630263264,0.04308315181572961,0.04294974396758931,0.024546252047344144],[0.09187394420942517,0.01934516006561686,-0.004318598026204726,0.0,0.010973555108387238,0.013742641996267204,0.026514660150001253,0.027770288993105918,0.04319017397393362,0.042873159524434754,0.05366167859080526,0.025305911745710695],[0.07875534916333805,-0.016600229108656942,0.00471886469847688,0.010973555108387238,0.0,-0.004334237546874687,0.004475040814274679,0.011045599696005704,0.02302597908623853,0.02584806144493953,0.052250725163802296,0.033742131274675444],[0.09385258208884706,0.019045841426764503,0.01137055527803744,0.013742641996267204,-0.004334237546874687,0.0,0.010342811641856598,0.013132200897419535,0.02617847780464544,0.027246206462684417,0.06224948865570587,0.03533605483058313],[0.07647169436349961,-0.015750356325307763,0.023705307075977174,0.026514660150001253,0.004475040814274679,0.010342811641856598,0.0,-0.004354964466534344,0.003521915608469827,0.009831158514349628,0.05795546979913942,0.04321415808194298],[0.0907374427129673,0.019025908621268225,0.027053274448105503,0.027770288993105918,0.011045599696005704,0.013132200897419535,-0.004354964466534344,0.0,0.01090785545031828,0.013381805943868471,0.06814236595777208,0.04494284377288451],[0.07159267193152456,-0.015885864981358112,0.041781501630263264,0.04319017397393362,0.02302597908623853,0.02617847780464544,0.003521915608469827,0.01090785545031828,0.0,-0.004362997387628006,0.06304962275430133,0.05427822293377701],[0.08791949106666017,0.018792027017003506,0.04308315181572961,0.042873159524434754,0.02584806144493953,0.027246206462684417,0.009831158514349628,0.013381805943868471,-0.004362997387628006,0.0,0.07484571863286799,0.056058210643906856],[0.011431668800888325,-0.01337750193352604,0.04294974396758931,0.05366167859080526,0.052250725163802296,0.06224948865570587,0.05795546979913942,0.06814236595777208,0.06304962275430133,0.07484571863286799,0.0,-0.01399557613752726],[0.037008341447835894,0.007332076894014802,0.024546252047344144,0.025305911745710695,0.033742131274675444,0.03533605483058313,0.04321415808194298,0.04494284377288451,0.05427822293377701,0.056058210643906856,-0.01399557613752726,0.0]],maximums:[[0.0,-0.012702590715552233,0.07693169386546703,0.11616773247002914,0.07954174601100637,0.11888782536197434,0.07730806796663783,0.1165898038378402,0.07230999382301417,0.11145343034977116,0.011477403258724355,0.04028882655817616],[-0.012702590715552233,0.0,-0.015848387854756257,0.022861507015955726,-0.016462032805300595,0.022794794994758966,-0.015568684035969064,0.023525255215735653,-0.015795552262393757,0.02273856129366271,-0.01332816022711378,0.009901306382769131],[0.07693169386546703,-0.015848387854756257,0.0,-0.0039570688995338625,0.005365493332470492,0.02828097150371131,0.024713121282377768,0.03808901254166393,0.04364982828482842,0.05034159904582705,0.049729652626446755,0.04944820134838149],[0.11616773247002914,0.022861507015955726,-0.0039570688995338625,0.0,0.027489665950433746,0.05087611871616318,0.03648504672793386,0.053808511933255136,0.05513182789778178,0.06670936691413037,0.08750133430058976,0.08497304712906432],[0.07954174601100637,-0.016462032805300595,0.005365493332470492,0.027489665950433746,0.0,-0.003957157463755239,0.005206084542109145,0.02778643718546342,0.02435101022921708,0.03858961355250087,0.05450455088531061,0.05426824939380348],[0.11888782536197434,0.022794794994758966,0.02828097150371131,0.05087611871616318,-0.003957157463755239,0.0,0.02746980408299874,0.05040557608225166,0.0419415157790861,0.059911595680738616,0.09212075365839291,0.08932161591034461],[0.07730806796663783,-0.015568684035969064,0.024713121282377768,0.03648504672793386,0.005206084542109145,0.02746980408299874,0.0,-0.003957066242311525,0.004544126049111655,0.027937251201912046,0.05925089352076275,0.0629674840029883],[0.1165898038378402,0.023525255215735653,0.03808901254166393,0.053808511933255136,0.02778643718546342,0.05040557608225166,-0.003957066242311525,0.0,0.029201631913920112,0.05087456119039766,0.0956176132305259,0.09364868730452712],[0.07230999382301417,-0.015795552262393757,0.04364982828482842,0.05513182789778178,0.02435101022921708,0.0419415157790861,0.004544126049111655,0.029201631913920112,0.0,-0.0039570597249611785,0.06405936706937006,0.0745765172736138],[0.11145343034977116,0.02273856129366271,0.05034159904582705,0.06670936691413037,0.03858961355250087,0.059911595680738616,0.027937251201912046,0.05087456119039766,-0.0039570597249611785,0.0,0.09752965469129014,0.09925446397691273],[0.011477403258724355,-0.01332816022711378,0.049729652626446755,0.08750133430058976,0.05450455088531061,0.09212075365839291,0.05925089352076275,0.0956176132305259,0.06405936706937006,0.09752965469129014,0.0,-0.013960594772863152],[0.04028882655817616,0.009901306382769131,0.04944820134838149,0.08497304712906432,0.05426824939380348,0.08932161591034461,0.0629674840029883,0.09364868730452712,0.0745765172736138,0.09925446397691273,-0.013960594772863152,0.0]],minimums:[[0.0,-0.012702590715552233,0.07243698201442227,0.04085513316137506,0.07456325410424207,0.04226925934134893,0.0726650009703871,0.04050282733031844,0.06808276259741358,0.03701235531454239,0.011262947922353907,0.027444495822448373],[-0.012702590715552233,0.0,-0.01600011780132078,-0.0040558921187534855,-0.016740949743723487,-0.006735346288572758,-0.016023001293312772,-0.005332444706056533,-0.01594421512222883,-0.0018994775008283444,-0.01342330980839078,-0.006157252302826274],[0.07243698201442227,-0.01600011780132078,0.0,-0.006614307358700285,0.0018959425628549574,0.0016482728597614453,0.018808091611956644,0.018732666244051566,0.03580688716062243,0.035526341736148756,0.03532120921815915,-0.014772575012585937],[0.04085513316137506,-0.0040558921187534855,-0.006614307358700285,0.0,0.0019660056735011345,0.0014286863301763608,0.018680368652021318,0.01626140371091096,0.034717656330812134,0.0315720820529689,0.005120176703737299,-0.020849716988448643],[0.07456325410424207,-0.016740949743723487,0.0018959425628549574,0.0019660056735011345,0.0,-0.006640189053557787,0.0014479856856007077,0.001587326904705332,0.018754563212618293,0.018713959923500962,0.042653835808962766,-0.014159702868308312],[0.04226925934134893,-0.006735346288572758,0.0016482728597614453,0.0014286863301763608,-0.006640189053557787,0.0,0.001310699943261351,0.0009602478291704854,0.018197764403285948,0.01661052476655176,0.014104435233590456,-0.020998402863244944],[0.0726650009703871,-0.016023001293312772,0.018808091611956644,0.018680368652021318,0.0014479856856007077,0.001310699943261351,0.0,-0.0066408443642439145,0.0011420725579546645,0.0011813143398985808,0.047378245256918514,-0.005986275874111912],[0.04050282733031844,-0.005332444706056533,0.018732666244051566,0.01626140371091096,0.001587326904705332,0.0009602478291704854,-0.0066408443642439145,0.0,0.0011560433657909063,0.0010291012271176115,0.020369830758094665,-0.006941624435551106],[0.06808276259741358,-0.01594421512222883,0.03580688716062243,0.034717656330812134,0.018754563212618293,0.018197764403285948,0.0011420725579546645,0.0011560433657909063,0.0,-0.006645215348498058,0.05099807892086977,0.009477155559211803],[0.03701235531454239,-0.0018994775008283444,0.035526341736148756,0.0315720820529689,0.018713959923500962,0.01661052476655176,0.0011813143398985808,0.0010291012271176115,-0.006645215348498058,0.0,0.032507295322838636,0.00910125333711774],[0.011262947922353907,-0.01342330980839078,0.03532120921815915,0.005120176703737299,0.042653835808962766,0.014104435233590456,0.047378245256918514,0.020369830758094665,0.05099807892086977,0.032507295322838636,0.0,-0.014070358998825945],[0.027444495822448373,-0.006157252302826274,-0.014772575012585937,-0.020849716988448643,-0.014159702868308312,-0.020998402863244944,-0.005986275874111912,-0.006941624435551106,0.009477155559211803,0.00910125333711774,-0.014070358998825945,0.0]]),full_obbs:(averages:[[0.0,-0.01270387996919453,0.07131087270900716,0.08174531962511379,0.0739583074741402,0.08330003104613144,0.07162152715459896,0.08162012134251065,0.066479381096156,0.07711818568547069,0.009355422611147765,0.023174257993831736],[-0.01270387996919453,0.0,-0.022125509372264082,0.0007500916021182912,-0.022912664125763118,0.00040356467650676155,-0.025239290297460765,0.00044845074904364035,-0.02057881730960002,-0.0010835930581857055,-0.026003174876893353,-0.01926539858058093],[0.07131087270900716,-0.022125509372264082,0.0,-0.01277483629548949,0.002745592946464063,0.005946694049759976,0.020910768315296403,0.022674652175860188,0.03852694597357779,0.03908454859516484,0.03228313789062122,0.007330214883761055],[0.08174531962511379,0.0007500916021182912,-0.01277483629548949,0.0,0.006280043611435924,0.008068426882655516,0.022391023925019158,0.022131971837064,0.03906065322929855,0.036717926901052265,0.042447292671502615,0.008895140310066448],[0.0739583074741402,-0.022912664125763118,0.002745592946464063,0.006280043611435924,0.0,-0.012769830682304525,0.002494376079111404,0.006232376008416856,0.020293423126853085,0.021473565262602703,0.036868083016546455,0.0160097317760578],[0.08330003104613144,0.00040356467650676155,0.005946694049759976,0.008068426882655516,-0.012769830682304525,0.0,0.005579564467000981,0.007546823537149938,0.021304902329094808,0.020908761960016422,0.04643407075730696,0.017634900127909355],[0.07162152715459896,-0.025239290297460765,0.020910768315296403,0.022391023925019158,0.002494376079111404,0.005579564467000981,0.0,-0.012717147375274136,0.0016255666717604038,0.004805763465698759,0.039968519700785216,0.02658491301072276],[0.08162012134251065,0.00044845074904364035,0.022674652175860188,0.022131971837064,0.006232376008416856,0.007546823537149938,-0.012717147375274136,0.0,0.0048145813452174484,0.006742338075010287,0.05087525716974717,0.028386574134341036],[0.066479381096156,-0.02057881730960002,0.03852694597357779,0.03906065322929855,0.020293423126853085,0.021304902329094808,0.0016255666717604038,0.0048145813452174484,0.0,-0.012727524322821124,0.045921911204382514,0.0373902721684253],[0.07711818568547069,-0.0010835930581857055,0.03908454859516484,0.036717926901052265,0.021473565262602703,0.020908761960016422,0.004805763465698759,0.006742338075010287,-0.012727524322821124,0.0,0.057143380121898374,0.03936701722589329],[0.009355422611147765,-0.026003174876893353,0.03228313789062122,0.042447292671502615,0.036868083016546455,0.04643407075730696,0.039968519700785216,0.05087525716974717,0.045921911204382514,0.057143380121898374,0.0,-0.018012890108514694],[0.023174257993831736,-0.01926539858058093,0.007330214883761055,0.008895140310066448,0.0160097317760578,0.017634900127909355,0.02658491301072276,0.028386574134341036,0.0373902721684253,0.03936701722589329,-0.018012890108514694,0.0]],maximums:[[0.0,-0.012703879969194528,0.07641091950780998,0.11358819704859578,0.07911488947090534,0.11629433241918666,0.07681848311650444,0.1139642355116277,0.07161796441777461,0.1087965530648134,0.009822739996228461,0.03650581889832208],[-0.012703879969194528,0.0,-0.02083991318668134,0.016366762042571877,-0.017748349101933084,0.019434584875255664,-0.020042211282932668,0.017096288258542973,-0.019685359897217945,0.011231507424734194,-0.02209835744857933,-0.001106490324813976],[0.07641091950780998,-0.02083991318668134,0.0,-0.009811963796325892,0.003225067658942737,0.022159875288244864,0.021916065321931827,0.03249886784352149,0.04042170865958118,0.04680444242144054,0.03791403436793353,0.024082426798410234],[0.11358819704859578,0.016366762042571877,-0.009811963796325892,0.0,0.019725890342943808,0.04806415623947839,0.031036718955230313,0.051209222428870854,0.0506180791447567,0.06473778042519047,0.07437392190970828,0.06090662477732004],[0.07911488947090534,-0.017748349101933084,0.003225067658942737,0.019725890342943808,0.0,-0.009812841094619978,0.0030351003348639584,0.020622383392827327,0.021834441672881663,0.029749041951567384,0.042456406362556674,0.029370639204507276],[0.11629433241918666,0.019434584875255664,0.022159875288244864,0.04806415623947839,-0.009812841094619978,0.0,0.020735676220021947,0.04730483122386803,0.035370527476803415,0.05711490746749277,0.07845426249444945,0.06485887123357198],[0.07681848311650444,-0.020042211282932668,0.021916065321931827,0.031036718955230313,0.0030351003348639584,0.020735676220021947,0.0,-0.009829201364684712,0.002617160856312555,0.01953079484670887,0.04636215498798885,0.04342444973085248],[0.1139642355116277,0.017096288258542973,0.03249886784352149,0.051209222428870854,0.020622383392827327,0.04730483122386803,-0.009829201364684712,0.0,0.02427875856902739,0.05030651757049372,0.08040929847264962,0.06993835140498411],[0.07161796441777461,-0.019685359897217945,0.04042170865958118,0.0506180791447567,0.021834441672881663,0.035370527476803415,0.002617160856312555,0.02427875856902739,0.0,-0.009814188441384056,0.05299350920936212,0.06061122915379718],[0.1087965530648134,0.011231507424734194,0.04680444242144054,0.06473778042519047,0.029749041951567384,0.05711490746749277,0.01953079484670887,0.05030651757049372,-0.009814188441384056,0.0,0.08203918345540735,0.07796272581229398],[0.009822739996228461,-0.02209835744857933,0.03791403436793353,0.07437392190970828,0.042456406362556674,0.07845426249444945,0.04636215498798885,0.08040929847264962,0.05299350920936212,0.08203918345540735,0.0,-0.014093190053662795],[0.03650581889832208,-0.001106490324813976,0.024082426798410234,0.06090662477732004,0.029370639204507276,0.06485887123357198,0.04342444973085248,0.06993835140498411,0.06061122915379718,0.07796272581229398,-0.014093190053662795,0.0]],minimums:[[0.0,-0.012703879969194528,0.06846550678770472,0.03768063609149757,0.07117532656608828,0.04037148533862142,0.06888828250145206,0.03816616099265755,0.06367163435871423,0.03286659134578925,0.009106476978935286,0.009707287247019884],[-0.012703879969194528,0.0,-0.023501184414845618,-0.02428849855761622,-0.025684420977842723,-0.033531877593057785,-0.027971465042478952,-0.03151513801364604,-0.021823596351476685,-0.02314519341447857,-0.028350624292563728,-0.031465225479784587],[0.06846550678770472,-0.023501184414845618,0.0,-0.015088291500418554,0.0005765816164583926,0.00031343763688276404,0.016339381867556985,0.01623555674014851,0.03287456587640124,0.03285161827555173,0.028377122174175984,-0.025536806891778112],[0.03768063609149757,-0.02428849855761622,-0.015088291500418554,0.0,0.0005662794304518472,-0.0012878456710749102,0.01628144795609727,0.012591166521231077,0.03200925543069383,0.027618400928423596,-0.0020064307080703615,-0.0369043692121759],[0.07117532656608828,-0.025684420977842723,0.0005765816164583926,0.0005662794304518472,0.0,-0.015087988073559214,0.00020667597896112735,0.0001862279974303762,0.01695344073298734,0.016955643390928827,0.03386583048152392,-0.02151984641643731],[0.04037148533862142,-0.033531877593057785,0.00031343763688276404,-0.0012878456710749102,-0.015087988073559214,0.0,0.0000017713613295854136,-0.0017138164433340285,0.016248611679410167,0.013356884775742978,0.002683992398895614,-0.027626941567824942],[0.06888828250145206,-0.027971465042478952,0.016339381867556985,0.01628144795609727,0.00020667597896112735,0.0000017713613295854136,0.0,-0.015088098442165281,0.0004570472350231419,0.0004582702596466354,0.03590165156643226,-0.013762832228334741],[0.03816616099265755,-0.03151513801364604,0.01623555674014851,0.012591166521231077,0.0001862279974303762,-0.0017138164433340285,-0.015088098442165281,0.0,0.0004511357778597524,-0.0014159194803872756,0.010982475516857654,-0.013977754935853223],[0.06367163435871423,-0.021823596351476685,0.03287456587640124,0.03200925543069383,0.01695344073298734,0.016248611679410167,0.0004570472350231419,0.0004511357778597524,0.0,-0.015088144198021743,0.041802363168176204,0.003140602475568431],[0.03286659134578925,-0.02314519341447857,0.03285161827555173,0.027618400928423596,0.016955643390928827,0.013356884775742978,0.0004582702596466354,-0.0014159194803872756,-0.015088144198021743,0.0,0.028532558061192557,0.002620837760263249],[0.009106476978935286,-0.028350624292563728,0.028377122174175984,-0.0020064307080703615,0.03386583048152392,0.002683992398895614,0.03590165156643226,0.010982475516857654,0.041802363168176204,0.028532558061192557,0.0,-0.022296810188545582],[0.009707287247019884,-0.031465225479784587,-0.025536806891778112,-0.0369043692121759,-0.02151984641643731,-0.027626941567824942,-0.013762832228334741,-0.013977754935853223,0.003140602475568431,0.002620837760263249,-0.022296810188545582,0.0]]),full_bounding_spheres:(averages:[[0.0,-0.028231739300252908,0.06284526003516988,0.07445170012738375,0.06257647957047993,0.07379891599782112,0.06144304255804933,0.07393924182037083,0.05901878155844108,0.07084672350438699,0.006511011029939522,0.028230046779181006],[-0.028231739300252908,0.0,-0.07049555212152403,-0.05274599102426536,-0.0789634522373752,-0.059031595363531524,-0.08084766944385063,-0.0590264493582416,-0.07638864012649621,-0.05661116731658461,-0.04920687691526236,-0.06482099226789916],[0.06284526003516988,-0.07049555212152403,0.0,-0.03034715971181752,-0.034859348957742585,-0.01747227295476163,-0.017890047618786417,-0.005918023124199276,-0.00041086274029463127,0.007675885178401672,0.022945581424145087,-0.017787920620614895],[0.07445170012738375,-0.05274599102426536,-0.03034715971181752,0.0,-0.017265777969566645,-0.016600104748475668,-0.0064719992975314595,-0.005764365014004328,0.007710886527767135,0.007917151751037273,0.033325645738080126,-0.01487653698204558],[0.06257647957047993,-0.0789634522373752,-0.034859348957742585,-0.017265777969566645,0.0,-0.030429895344099324,-0.03540091819229851,-0.017380874589487998,-0.018419223228955995,-0.006559222257180717,0.02980489041813312,-0.006830453036385167],[0.07379891599782112,-0.059031595363531524,-0.01747227295476163,-0.016600104748475668,-0.030429895344099324,0.0,-0.01834395815734617,-0.017698664835358972,-0.006839189147702664,-0.005951790870831608,0.038858246377296284,-0.005079789771624227],[0.06144304255804933,-0.08084766944385063,-0.017890047618786417,-0.0064719992975314595,-0.03540091819229851,-0.01834395815734617,0.0,-0.03023960062456563,-0.0356513161481123,-0.018169284970003616,0.03617735602383503,0.003513996225842377],[0.07393924182037083,-0.0590264493582416,-0.005918023124199276,-0.005764365014004328,-0.017380874589487998,-0.017698664835358972,-0.03023960062456563,0.0,-0.01739661773001135,-0.017349051849276355,0.04566032413183182,0.005883009962782878],[0.05901878155844108,-0.07638864012649621,-0.00041086274029463127,0.007710886527767135,-0.018419223228955995,-0.006839189147702664,-0.0356513161481123,-0.01739661773001135,0.0,-0.03038447515014849,0.04152188968731081,0.013329679993330401],[0.07084672350438699,-0.05661116731658461,0.007675885178401672,0.007917151751037273,-0.006559222257180717,-0.005951790870831608,-0.018169284970003616,-0.017349051849276355,-0.03038447515014849,0.0,0.04960883278449581,0.014651180090667834],[0.006511011029939522,-0.04920687691526236,0.022945581424145087,0.033325645738080126,0.02980489041813312,0.038858246377296284,0.03617735602383503,0.04566032413183182,0.04152188968731081,0.04960883278449581,0.0,-0.019840408898313743],[0.028230046779181006,-0.06482099226789916,-0.017787920620614895,-0.01487653698204558,-0.006830453036385167,-0.005079789771624227,0.003513996225842377,0.005883009962782878,0.013329679993330401,0.014651180090667834,-0.019840408898313743,0.0]],maximums:[[0.0,-0.028231739300252884,0.06949913776971674,0.10237243563528785,0.06956450722378728,0.10286755142861322,0.06783579886037572,0.10112027892617491,0.06542726741453424,0.0980300814440425,0.00885178693554596,0.037906159840457976],[-0.028231739300252884,0.0,-0.06681056592149098,-0.037963013598067,-0.07422693740344977,-0.04169461845889555,-0.07729442175192588,-0.04424177568414389,-0.07414378125743482,-0.044927067984047095,-0.04807906148565936,-0.03795982364551284],[0.06949913776971674,-0.06681056592149098,0.0,-0.02662668969831212,-0.017924147920885092,0.006357750981433707,-0.00766884230143227,0.013367178401653787,0.009895212889665626,0.022772609836240285,0.03433107034955764,0.022948467347573137],[0.10237243563528785,-0.037963013598067,-0.02662668969831212,0.0,0.0021678213080014996,0.027957091417942163,0.01247524213605343,0.03247244137866858,0.029114128674227746,0.04589569848322141,0.06664162013710598,0.04455024397693329],[0.06956450722378728,-0.07422693740344977,-0.017924147920885092,0.0021678213080014996,0.0,-0.026626677783224667,-0.017124653873683865,0.0018681193144515565,-0.0027509338362756916,0.013883023269521788,0.03970275305698326,0.03368570373411049],[0.10286755142861322,-0.04169461845889555,0.006357750981433707,0.027957091417942163,-0.026626677783224667,0.0,0.007895471394756631,0.028905289867504035,0.02029623774601161,0.039856435157700716,0.07143091787617725,0.05756221021906589],[0.06783579886037572,-0.07729442175192588,-0.00766884230143227,0.01247524213605343,-0.017124653873683865,0.007895471394756631,0.0,-0.026626678183360654,-0.016330287610128766,0.0037409198522867643,0.045279485551111234,0.043093766045751256],[0.10112027892617491,-0.04424177568414389,0.013367178401653787,0.03247244137866858,0.0018681193144515565,0.028905289867504035,-0.026626678183360654,0.0,0.009292569680311807,0.031162119198486514,0.07530410151241654,0.06462188567838122],[0.06542726741453424,-0.07414378125743482,0.009895212889665626,0.029114128674227746,-0.0027509338362756916,0.02029623774601161,-0.016330287610128766,0.009292569680311807,0.0,-0.026626677776985644,0.051150101657739644,0.055153138763894036],[0.0980300814440425,-0.044927067984047095,0.022772609836240285,0.04589569848322141,0.013883023269521788,0.039856435157700716,0.0037409198522867643,0.031162119198486514,-0.026626677776985644,0.0,0.07838660677344184,0.07365144084040239],[0.00885178693554596,-0.04807906148565936,0.03433107034955764,0.06664162013710598,0.03970275305698326,0.07143091787617725,0.045279485551111234,0.07530410151241654,0.051150101657739644,0.07838660677344184,0.0,-0.016955356697921337],[0.037906159840457976,-0.03795982364551284,0.022948467347573137,0.04455024397693329,0.03368570373411049,0.05756221021906589,0.043093766045751256,0.06462188567838122,0.055153138763894036,0.07365144084040239,-0.016955356697921337,0.0]],minimums:[[0.0,-0.028231739300252884,0.04863613320026504,0.03343845092799387,0.0480653651722287,0.03213241747880398,0.04695541538761584,0.03135228185880315,0.04540529998752443,0.030751812943804843,0.0013514443261631454,0.01107868948665161],[-0.028231739300252884,0.0,-0.07686396882331019,-0.0738917341775284,-0.08776576316228786,-0.08539210645167954,-0.08875650923294995,-0.08479214381148989,-0.08074748536363824,-0.07487773839468466,-0.052305855225322766,-0.10049548567312104],[0.04863613320026504,-0.07686396882331019,0.0,-0.03827582993243711,-0.04166094623623512,-0.03480406437284518,-0.023742897683277517,-0.019766877625078796,-0.006102382413613695,-0.0027602018880254764,0.006904369238150597,-0.052704749871538954],[0.03343845092799387,-0.0738917341775284,-0.03827582993243711,0.0,-0.030713676972212594,-0.041707481652116504,-0.01915521617094211,-0.025741338995861826,-0.005207838207492571,-0.009291282418219679,-0.010575742301189489,-0.07089715239000548],[0.0480653651722287,-0.08776576316228786,-0.04166094623623512,-0.030713676972212594,0.0,-0.03831943899966442,-0.04188390657004953,-0.030944022916269597,-0.024026541833162933,-0.016498163587793435,0.01230380530245441,-0.048637943274390395],[0.03213241747880398,-0.08539210645167954,-0.03480406437284518,-0.041707481652116504,-0.03831943899966442,0.0,-0.03444358765700942,-0.04206590358988942,-0.022125561873194165,-0.025453613759639046,-0.005300894796103066,-0.06754452318637481],[0.04695541538761584,-0.08875650923294995,-0.023742897683277517,-0.01915521617094211,-0.04188390657004953,-0.03444358765700942,0.0,-0.03824404125518373,-0.04238174040368829,-0.030377027453396387,0.018124084670006285,-0.04308436993672537],[0.03135228185880315,-0.08479214381148989,-0.019766877625078796,-0.025741338995861826,-0.030944022916269597,-0.04206590358988942,-0.03824404125518373,0.0,-0.035659708071599905,-0.042321596079007054,0.0025660098449837992,-0.055415915607299235],[0.04540529998752443,-0.08074748536363824,-0.006102382413613695,-0.005207838207492571,-0.024026541833162933,-0.022125561873194165,-0.04238174040368829,-0.035659708071599905,0.0,-0.03820476035049142,0.022977783434206825,-0.03268852766820558],[0.030751812943804843,-0.07487773839468466,-0.0027602018880254764,-0.009291282418219679,-0.016498163587793435,-0.025453613759639046,-0.030377027453396387,-0.042321596079007054,-0.03820476035049142,0.0,0.010213450055662737,-0.038787522899759175],[0.0013514443261631454,-0.052305855225322766,0.006904369238150597,-0.010575742301189489,0.01230380530245441,-0.005300894796103066,0.018124084670006285,0.0025660098449837992,0.022977783434206825,0.010213450055662737,0.0,-0.027400345901003785],[0.01107868948665161,-0.10049548567312104,-0.052704749871538954,-0.07089715239000548,-0.048637943274390395,-0.06754452318637481,-0.04308436993672537,-0.055415915607299235,-0.03268852766820558,-0.038787522899759175,-0.027400345901003785,0.0]]),decomposition_convex_hulls:(averages:[[0.0,0.0,0.0,0.0,0.0,0.0,0.0,0.0,-0.006035220110788941,-0.006035220110788941,0.07404112507754203,0.07396361976861954,0.07396361976861954,0.030485987663269043,0.0513552501797676,0.030485987663269046,0.030485987663269046,0.07396361976861954,0.08787646144628525,0.0845366600358915,0.0835105087449253,0.0982455289127342,0.08957315851637009,0.10159237724850516,0.11681664328695733,0.09725669857358162,0.09327004435417376,0.09148109411045373,0.08831248501888661,0.10653853978924482,0.1080694735107321,0.10740810360558582,0.1110484640683934,0.10841062452959147,0.10840327369972236,0.1074428181821972,0.10626007651310172,0.10667650340526408,0.10615717128814635,0.10432452194302283,0.086503121387129,0.08617758102082752,0.10025747436944621,0.09174848869342284,0.10331303791832322,0.11849844640071722,0.09962093046788946,0.09586155852608676,0.09402784361890268,0.09082818306653506,0.1071835653674247,0.10873055482046386,0.10842369025786465,0.11296663438563387,0.10997806266849408,0.10836850624276331,0.10697105569542009,0.10646966252834529,0.1065541426501405,0.1060486335045954,0.10455030506584351,0.0847449009243385,0.08392372601167152,0.09843610565176628,0.08986118455782058,0.1013645354729269,0.116595304446234,0.09751499573893127,0.09361483019935017,0.09175658060108775,0.08872771738174746,0.10520912263717186,0.10674426860233217,0.10638351703196551,0.11086324685166715,0.10780657619649646,0.1064544040571358,0.10490411856285212,0.10463188253110936,0.10457245304221062,0.10420836987160093,0.10262131916465095,0.07883859009085672,0.07988164138353691,0.09288544921946833,0.08425120695602953,0.09630784760370066,0.11154058621312544,0.09275782587889626,0.0893077052198015,0.08701716035755316,0.08352289155932628,0.10269281475948475,0.10329119382138803,0.10284858785164999,0.10636138677636348,0.10360184825992418,0.10280401795586486,0.10171040972184844,0.10141453930186206,0.1019435335529232,0.10233601993604646,0.10038799509371867,0.01801642366380238,0.03482237967420779,0.029740456824125978,0.03496923450776953,0.020632965628954936,0.017900218401021982,0.048543149604855354,0.04089229880718986,0.04632146269014558,0.0400837557167603,0.0395327277144757,0.037727677790804263,0.06488128745636632,0.07696479999628807,0.038478379486108494,0.03967227251454587,0.04662109884830872,0.05892266587721348],[0.0,0.0,0.017936369373117603,0.01776476763188839,0.002537823747843504,0.002537823747843504,0.007533747628744483,0.007677820470223255,-0.01364869181998074,0.008431423193542287,0.06667941751849876,0.06635014805942774,0.07209270827967068,0.022872515954077244,0.04374177847057581,0.024603702009844783,0.025263328682648238,0.06706641752524115,0.08119239387353756,0.08710448770874706,0.08185253269134646,0.09940018349289871,0.09077342377051364,0.10183693623333831,0.11628801455877034,0.09567525925584082,0.09099887226633355,0.08906159368599297,0.08742365288353444,0.10549577949237177,0.10722341472182485,0.106190829068313,0.10812700608907651,0.10668956749289848,0.10960970935586291,0.1096024825101019,0.1064194551465239,0.1074939036130863,0.10667569223955216,0.10434197685604145,0.0826540804718515,0.07969331791145436,0.09590049672699774,0.0868441444894036,0.09838942288842631,0.11346982713295921,0.09370933034795348,0.08912771372485322,0.08715657839299301,0.08464742588572717,0.10264131956552507,0.10437507968421471,0.10350032854941305,0.10666644309603016,0.10431431953504956,0.10545295860293678,0.10491436276555245,0.10290106565725071,0.10365001436368927,0.10299035652580539,0.10089328353542584,0.07750430816902315,0.07647897345565133,0.09134554351876421,0.08234492291828005,0.09440406930956953,0.10983716520115758,0.09035849585332455,0.08609414570161877,0.08419349278041935,0.08111436123577379,0.09993459034509639,0.1012604013006081,0.10052295660727988,0.10416521516673982,0.10132978156293207,0.10179052276725768,0.10109352684166577,0.09993123659970436,0.10058609562297642,0.10023071085361547,0.09805198374749183,0.07152082416810711,0.0733273958732177,0.08574669084202768,0.07705733443183942,0.0895595094152187,0.10478696695827545,0.08576680202751555,0.08261197639571936,0.08000717798232364,0.07657206034266223,0.09771456477920824,0.09781602197766949,0.09708477857776249,0.09985648627381179,0.09738417793350118,0.09785111616065753,0.09774933482799708,0.09665782512476308,0.09803598420387906,0.09852708012223677,0.09604080296283443,0.031878520537313014,0.04093227106292343,0.03565600293081677,0.048874174936209686,0.036864878562147374,0.030956438235024808,0.05985771510943281,0.04987845600344584,0.06547348510672103,0.058193705635111774,0.05680354951516948,0.05324752443137387,0.07163509574785784,0.0823216412656666,0.05253507311169341,0.05233418880035862,0.0566597343795703,0.06738506835089132],[0.0,0.017936369373117603,0.0,0.0,0.01169879011586706,0.013308460830555828,0.002537823747843504,0.0031722797546535272,0.009333344438346103,-0.01364869181998074,0.07373428424104976,0.06709470317507123,0.06640995501329007,0.024950130915734118,0.044863127737727534,0.022872515954077247,0.02616879275653282,0.06635014805942774,0.08026298973709345,0.07774221275520285,0.07607607757616226,0.09144941099120145,0.08299668089865014,0.09587295937342112,0.11105647412337581,0.09004920120584774,0.08584517593214326,0.08408934004139572,0.08136783208100055,0.10290366472241765,0.10391436682485539,0.10282290521031406,0.10537048252307674,0.10324330846015686,0.105119450173293,0.10557056910423422,0.10319181367725216,0.10494409385545057,0.10432921936214826,0.10162845268976754,0.07904643728368155,0.07921816544364406,0.0930649518969837,0.08424011262452835,0.09683714397589427,0.11223449547840829,0.09265989024668313,0.08871845778009795,0.08669821621328161,0.08328574303013694,0.10374118187918616,0.10454939231468913,0.10379215648429253,0.10716404598652501,0.10448832403431442,0.10493122432773265,0.1047604959341648,0.10346978004700985,0.10467161004343052,0.10432658994403807,0.10196329312330585,0.07868465270577729,0.08129068077570371,0.0927485989690678,0.08403485974025188,0.09664576772824549,0.11164545306674284,0.09295214538236263,0.09014592978830148,0.08715844886352438,0.08377830169882301,0.10498667092500603,0.10487505687579218,0.1042232933923669,0.10692708168127076,0.10456980972955876,0.1047900217761731,0.10458392549682062,0.10366982343866432,0.10501567640256072,0.10556492071323102,0.10314715669398081,0.07845529130393403,0.0843237260265987,0.09214493116085837,0.08422199925018242,0.09637518142926704,0.11010144054407305,0.09304194435533059,0.09136321664049982,0.08751181014844943,0.08444631628557642,0.10715665390298244,0.10510207424652077,0.10438287376980551,0.10596404175068878,0.10451636985455143,0.10501141152979951,0.1056896013802771,0.10451145610554023,0.10660603053428681,0.10839866101010773,0.10575973515594167,0.013113449439380894,0.029288089289320442,0.02328643795418111,0.03652424845308532,0.02297314333962948,0.014117825136274074,0.047228990680438364,0.03772742960233627,0.052731184868811,0.04518155423186099,0.0437471035693654,0.040874525682036124,0.06506821845398061,0.07694353906635303,0.04074391358806181,0.04127474575203863,0.04738804410956266,0.060497741479956124],[0.0,0.01776476763188839,0.0,0.0,0.012269794521394319,0.011970891392540161,0.002537823747843504,0.002537823747843504,0.009333344438346103,-0.013648691819980739,0.07407312023106424,0.06709470317507123,0.0663860612116942,0.024950130915734118,0.044863127737727534,0.022872515954077244,0.023920930611910304,0.06635014805942774,0.08026340485879296,0.07815485670106646,0.07661239448900661,0.09186469372790414,0.0826510616213447,0.09500417018421521,0.1103234127740268,0.09056848928506277,0.08611907628858823,0.084157351875604,0.08106008974513436,0.10153554623904983,0.10269965122126136,0.10170222412613669,0.10456890583949341,0.10209478351907597,0.10351734762695546,0.10332017674704073,0.10161411879217369,0.10274173055686663,0.1024516362677006,0.10001305390273899,0.07966525430340791,0.0797456466567741,0.09363113602350669,0.08430262469879547,0.09641161002425457,0.11185575051028536,0.09323251144295615,0.08903069113885388,0.08684756208998584,0.08326795299776894,0.10279469633059865,0.10374744093255459,0.10304908617714854,0.1066005056775359,0.10373618775477346,0.10376172428274057,0.10307975231221021,0.10228987232675123,0.10304038392332093,0.10294907912352684,0.10081766159625127,0.07904849210039215,0.08156130750006921,0.0931115141377916,0.08402462426056988,0.09622435857446328,0.11123982534096707,0.09332476638384843,0.09028043366768965,0.08717613946653235,0.08369747373681992,0.10398067367355893,0.10400477517448413,0.103443204166717,0.10635535720356254,0.10381866738093025,0.1036862816342146,0.10305179768949058,0.10252419208176061,0.10345517414824322,0.10417138280639536,0.10196391329938215,0.07866384043579272,0.0844561071842386,0.09234625764394025,0.08410610165394225,0.09590411096212317,0.10964113937642204,0.09323723170709221,0.09136687644167203,0.08741073838508441,0.08426692304541196,0.10610548485215429,0.10417058652338702,0.10354815186228841,0.10536663448313703,0.10374211093994153,0.10388070577100333,0.1041644422425536,0.10334275457179216,0.10504450123499609,0.10699666292164949,0.10454506517339743,0.01141511997328378,0.027906656020840373,0.022345615718800338,0.03316074996524279,0.01847374805634729,0.011252042316845094,0.04456164694007793,0.0355488588815718,0.048398878404852096,0.040943405461381255,0.03967037751672225,0.036866825411486844,0.062100356548659655,0.07414254388170018,0.03689601865232445,0.03759696022829463,0.04398709131954581,0.05730362720546783],[0.0,0.002537823747843504,0.01169879011586706,0.012269794521394319,0.0,0.0,0.0,0.0059854454001102425,-0.0034973963629454374,0.002086863125441596,0.07669089996873316,0.07650144351646303,0.079389122603287,0.03302381141111255,0.053893073927611106,0.03308968295135285,0.03505520701316475,0.07652990172348947,0.09043836555837029,0.09307439876926636,0.08909397105861055,0.10579890458326409,0.09765525161881816,0.10987459672836905,0.12462006328763166,0.10296333208675096,0.09865018758064076,0.09689932667504496,0.0949917346995686,0.11460164707858131,0.11618055975570445,0.1151593992226385,0.11731031363283502,0.11582079149752088,0.11820225538566094,0.1184011429075791,0.11532782678549099,0.11674262616307862,0.11576853254907138,0.11330273651374853,0.0905575586589914,0.08879066192028301,0.10394768882732586,0.09547463887343806,0.10774030531659581,0.1229401480305656,0.10249537413220075,0.09847909652362655,0.09667347176235722,0.09389525674984528,0.11276965451317288,0.11421457811677074,0.11344336313984794,0.11680591841322067,0.1144274179130647,0.11513887709226513,0.11481732021054475,0.11287709432604148,0.1139067822514856,0.11309733631478326,0.11092587095888416,0.08728272467218202,0.08649523606298697,0.10100400105462416,0.09241601728049775,0.10471459819827379,0.12016588119321414,0.10010425942558217,0.09617092854648168,0.09431085414037398,0.09127814554789969,0.1105873829223906,0.11181580167668403,0.11111110268025383,0.11464010666132289,0.11196563219577464,0.11237871994362011,0.11181778372716694,0.1106106479795491,0.11141499676090459,0.11091338756146614,0.10869528188510333,0.08151303795657147,0.08288316218041679,0.09560118936067372,0.08702185366064316,0.09979935012970853,0.11513294090879614,0.09554394735026207,0.09225301377319993,0.08984582014031306,0.08640634437508816,0.10787663455581004,0.10817565448543527,0.10740569741044852,0.11021831789864507,0.10775311939294616,0.10839097932517719,0.10834655374182778,0.10713269893528307,0.10851967543413983,0.1086740547572539,0.10619258728160631,0.032194424536859015,0.045792207610966945,0.03978829833690929,0.05297081381592357,0.03965045620658311,0.032305896434945136,0.06463624504895936,0.054851120912240106,0.0684404869491136,0.06139614561248264,0.06017640001421159,0.05725105326542806,0.07911922538104682,0.09035346416390753,0.05697682577589898,0.05733504898938902,0.06271571396865848,0.07449390219899145],[0.0,0.002537823747843504,0.013308460830555828,0.011970891392540161,0.0,0.0,0.006018424850086685,0.0,-0.0034973963629454374,0.002086863125441596,0.07686050514915624,0.07650144351646304,0.07941080510833277,0.03302381141111255,0.05389307392761111,0.03308968295135285,0.03308968295135285,0.07677513567361556,0.09112962526737198,0.09388469450906518,0.09016241790244456,0.10687235807428272,0.0974508903664045,0.10852890553193534,0.12331129464597115,0.10410281853251786,0.099331598707062,0.09718436216401458,0.09479552687240031,0.11160347173213014,0.11367065189129778,0.11283468116574669,0.11575196759400255,0.11360283188057176,0.11466581642142551,0.11351906164435648,0.11176066214447604,0.11187340248589159,0.11138550885093458,0.10965763921155298,0.09194296372554402,0.08987607694078792,0.10538035668380456,0.09568484345248374,0.10704822623011037,0.12220170078947237,0.10380184885320144,0.09922955584390789,0.0970845187463916,0.09397353519380464,0.1103342779412372,0.11227752337593988,0.11172793982352425,0.11578027922555775,0.11287909084383577,0.1122670832962065,0.11066689585660881,0.10991292056348326,0.10978794923126313,0.10933935069415439,0.10785906407660929,0.08790039118842055,0.08705112898182653,0.10179817848388542,0.0925275120400607,0.10416287308162854,0.11939200225557366,0.1008832247687417,0.09648044009451831,0.0944483885033217,0.09127079848911057,0.10812167895923437,0.10974101831224464,0.10927623588970196,0.11357497453687716,0.11046036487395544,0.10936632428108571,0.10769248332834506,0.10757092673191318,0.10734738588566253,0.10714455959785898,0.10557827926118661,0.08189841106534042,0.08308737101662694,0.09606389832705788,0.08703316464579344,0.09914531478979327,0.11436007159691165,0.09600829940967735,0.0923569705441319,0.08986732519387823,0.08632128701355869,0.10573138786652378,0.10631554327737724,0.10580704872520848,0.10914695986588835,0.10639536900897162,0.10574600534050532,0.10459622189624858,0.10439036275773331,0.10485483340504485,0.10535010828985493,0.10342624481537811,0.03135763332358307,0.04388237357029682,0.03841695343714246,0.046903045467098226,0.03442566261108328,0.0303511683227059,0.06027578129273681,0.05140375557954913,0.06000223805399964,0.053820405111834786,0.05308663769037539,0.0506801043816511,0.07309077823880056,0.08442072394123165,0.05072533712132727,0.051304437422365394,0.056717276850698176,0.06755012954371899],[0.0,0.007533747628744483,0.002537823747843504,0.002537823747843504,0.0,0.006018424850086685,0.0,0.0,-0.002086863125441596,-0.003497