{"full_convex_hulls":{"averages":[[0.0,0.0029593105836889194,0.005487090983058564,0.2496513249388065,0.4289315712239303,0.4355401347488851,0.45533730408376655],[0.0029593105836889194,0.0,0.00015007964372634508,0.22254561265608644,0.40270297707428976,0.4087318575593326,0.42818985398937537],[0.005487090983058564,0.00015007964372634508,0.0,4.873871803097451e-8,0.20729751437026503,0.21061151509752404,0.22855993843435155],[0.2496513249388065,0.22254561265608644,4.873871803097451e-8,0.0,-0.0014110675526288008,0.00610920672342239,0.04038934986476062],[0.4289315712239303,0.40270297707428976,0.20729751437026503,-0.0014110675526288008,0.0,0.0016500391066074365,0.01389622297907598],[0.4355401347488851,0.4087318575593326,0.21061151509752404,0.00610920672342239,0.0016500391066074365,0.0,-0.0001749992370605466],[0.45533730408376655,0.42818985398937537,0.22855993843435155,0.04038934986476062,0.01389622297907598,-0.0001749992370605466,0.0]],"maximums":[[0.0,0.0029593309527175724,0.015588484831414695,0.4351960611131809,0.838285923938075,0.9267566096868501,0.9473705379268534],[0.0029593309527175724,0.0,0.00015007964372652782,0.30881872816818245,0.7206348181308936,0.7949351140828902,0.8312628535927785],[0.015588484831414695,0.00015007964372652782,0.0,4.8738718394503167e-8,0.29539410166521995,0.3821178919721081,0.4072995638155763],[0.4351960611131809,0.30881872816818245,4.8738718394503167e-8,0.0,-0.001409838386577408,0.014324879826790099,0.09490138214184349],[0.838285923938075,0.7206348181308936,0.29539410166521995,-0.001409838386577408,0.0,0.0016500391066075065,0.01395343526406471],[0.9267566096868501,0.7949351140828902,0.3821178919721081,0.014324879826790099,0.0016500391066075065,0.0,-0.00017499923706044973],[0.9473705379268534,0.8312628535927785,0.4072995638155763,0.09490138214184349,0.01395343526406471,-0.00017499923706044973,0.0]],"minimums":[[0.0,0.002959308480858798,-0.039470421236917574,-0.09619023235396051,-0.03833517014011088,-0.03575133521994062,-0.03482156581267715],[0.002959308480858798,0.0,0.00015007964372612537,-0.07787538000091947,-0.006849938577413658,-0.02480211944803154,-0.048787890205664146],[-0.039470421236917574,0.00015007964372612537,0.0,4.873871768673599e-8,-0.0778536644458772,-0.10207963596166406,-0.09261271167175322],[-0.09619023235396051,-0.07787538000091947,4.873871768673599e-8,0.0,-0.001411779290436145,-0.020534039931027325,-0.04458063375497837],[-0.03833517014011088,-0.006849938577413658,-0.0778536644458772,-0.001411779290436145,0.0,0.0016500391066073608,0.01384368009634166],[-0.03575133521994062,-0.02480211944803154,-0.10207963596166406,-0.020534039931027325,0.0016500391066073608,0.0,-0.00017499923706065096],[-0.03482156581267715,-0.048787890205664146,-0.09261271167175322,-0.04458063375497837,0.01384368009634166,-0.00017499923706065096,0.0]]},"full_obbs":{"averages":[[0.0,0.002959308480858792,-0.014580887149573679,0.2150638097413138,0.4038268270508794,0.40634162392672435,0.4260278440950738],[0.002959308480858792,0.0,0.00015007964372635026,0.19967073428087373,0.38337153417108566,0.3834657578853584,0.40332680023810535],[-0.014580887149573679,0.00015007964372635026,0.0,4.873871803535989e-8,0.19295865527483025,0.1896763323674999,0.20790741416956213],[0.2150638097413138,0.19967073428087373,4.873871803535989e-8,0.0,-0.006999969482421873,-0.012688488653624805,0.01901295986608555],[0.4038268270508794,0.38337153417108566,0.19295865527483025,-0.006999969482421873,0.0,0.001650039106607439,0.0035131018380551602],[0.40634162392672435,0.3834657578853584,0.1896763323674999,-0.012688488653624805,0.001650039106607439,0.0,-0.00017499923706054587],[0.4260278440950738,0.40332680023810535,0.20790741416956213,0.01901295986608555,0.0035131018380551602,-0.00017499923706054587,0.0]],"maximums":[[0.0,0.0029593084808588084,0.008593648185834286,0.4311907562189084,0.8287659647785057,0.9293879129275899,0.9471659652156876],[0.0029593084808588084,0.0,0.00015007964372656946,0.3065912146750235,0.7028445530951084,0.7928266171834857,0.8108917830283573],[0.008593648185834286,0.00015007964372656946,0.0,4.873871832511423e-8,0.29342734988115704,0.3783091447738609,0.39830230266152233],[0.4311907562189084,0.3065912146750235,4.873871832511423e-8,0.0,-0.006999969482421611,0.010029081337961555,0.08578896473045483],[0.8287659647785057,0.7028445530951084,0.29342734988115704,-0.006999969482421611,0.0,0.0016500391066076592,0.01280402239745802],[0.9293879129275899,0.7928266171834857,0.3783091447738609,0.010029081337961555,0.0016500391066076592,0.0,-0.00017499923706036646],[0.9471659652156876,0.8108917830283573,0.39830230266152233,0.08578896473045483,0.01280402239745802,-0.00017499923706036646,0.0]],"minimums":[[0.0,0.0029593084808588015,-0.06153939273815909,-0.11304304889066882,-0.03945892023670012,-0.06375979855807781,-0.05335598994836367],[0.0029593084808588015,0.0,0.00015007964372615312,-0.09733455894021698,-0.006849938577413818,-0.03042562287310907,-0.05671878756310161],[-0.06153939273815909,0.00015007964372615312,0.0,4.8738717700613776e-8,-0.0778536644458772,-0.10756549700641958,-0.09898655990521146],[-0.11304304889066882,-0.09733455894021698,4.8738717700613776e-8,0.0,-0.00699996948242218,-0.030589497206571586,-0.06010428081270693],[-0.03945892023670012,-0.006849938577413818,-0.0778536644458772,-0.00699996948242218,0.0,0.0016500391066071873,-0.009887023264523453],[-0.06375979855807781,-0.03042562287310907,-0.10756549700641958,-0.030589497206571586,0.0016500391066071873,0.0,-0.00017499923706085219],[-0.05335598994836367,-0.05671878756310161,-0.09898655990521146,-0.06010428081270693,-0.009887023264523453,-0.00017499923706085219,0.0]]},"full_bounding_spheres":{"averages":[[0.0,-0.10835183471667821,-0.10632294092521054,0.08113059840258709,0.3469425664200907,0.3493781972141897,0.40649395440185476],[-0.10835183471667821,0.0,-0.13639578623050314,0.04586980129526279,0.31368914008789855,0.3158966121286503,0.3730821187047663],[-0.10632294092521054,-0.13639578623050314,0.0,-0.22876535023392014,0.03751015440755377,0.04169577602732914,0.09821737309818752],[0.08113059840258709,0.04586980129526279,-0.22876535023392014,0.0,-0.14774186209825307,-0.1374352769532958,-0.08183656022650954],[0.3469425664200907,0.31368914008789855,0.03751015440755377,-0.14774186209825307,0.0,-0.05262145003423664,0.006226932191866931],[0.3493781972141897,0.3158966121286503,0.04169577602732914,-0.1374352769532958,-0.05262145003423664,0.0,-0.03648323181154455],[0.40649395440185476,0.3730821187047663,0.09821737309818752,-0.08183656022650954,0.006226932191866931,-0.03648323181154455,0.0]],"maximums":[[0.0,-0.10788103637511909,-0.048401415326775166,0.33300051266185765,0.7389014819949623,0.7944319077022305,0.8543549501107343],[-0.10788103637511909,0.0,-0.10180172398557535,0.2706362613230865,0.6818079447884033,0.7342641424318408,0.7969762180100535],[-0.048401415326775166,-0.10180172398557535,0.0,-0.10863454392025451,0.2592073557567983,0.31907014040859905,0.38373419751064675],[0.33300051266185765,0.2706362613230865,-0.10863454392025451,0.0,-0.11189783007571247,-0.0463453124072809,0.020847735827163594],[0.7389014819949623,0.6818079447884033,0.2592073557567983,-0.11189783007571247,0.0,-0.0517785951368204,0.012860142129344748],[0.7944319077022305,0.7342641424318408,0.31907014040859905,-0.0463453124072809,-0.0517785951368204,0.0,-0.0363551719868752],[0.8543549501107343,0.7969762180100535,0.38373419751064675,0.020847735827163594,0.012860142129344748,-0.0363551719868752,0.0]],"minimums":[[0.0,-0.10884930178355218,-0.17645625430904255,-0.233886388675659,-0.09362013406393194,-0.12576495144044852,-0.10658156421394385],[-0.10884930178355218,0.0,-0.1708351387767506,-0.22717344011629587,-0.11040056138612038,-0.14738420681914105,-0.11209786340325412],[-0.17645625430904255,-0.1708351387767506,0.0,-0.37779422381238253,-0.24029012368891184,-0.29462510934086705,-0.25032681594848233],[-0.233886388675659,-0.22717344011629587,-0.37779422381238253,0.0,-0.18851498521991128,-0.25798316596921705,-0.220357939521046],[-0.09362013406393194,-0.11040056138612038,-0.24029012368891184,-0.18851498521991128,0.0,-0.05347714785907562,-0.0007954811844360921],[-0.12576495144044852,-0.14738420681914105,-0.29462510934086705,-0.25798316596921705,-0.05347714785907562,0.0,-0.03660620812527933],[-0.10658156421394385,-0.11209786340325412,-0.25032681594848233,-0.220357939521046,-0.0007954811844360921,-0.03660620812527933,0.0]]},"decomposition_convex_hulls":{"averages":[[0.0,0.016899541961149688,0.02923523139747536,0.03883147157839355,0.0,0.030147957333877665,0.02232233904686465,0.06326909315700893,0.07305987693065241,0.049643493348720785,0.10258697835023176,0.11831857737137906,0.1352612003190152,0.2319259143864553,0.11811910083190626,0.34799219973635975,0.08123405178438846,0.09884121406627107,0.3706118184973146,0.3742019624244377,0.3952018212497837,0.4823798423624895,0.3642318170698166,0.3655022374359917,0.3593840721400227,0.3645207638590233,0.5009307213675402,0.5155341167412837,0.5080421263718624,0.5187324250164113,0.5150762840277635,0.513827300145464,0.5214825304630035,0.5206495102656603,0.518295252237203,0.5217977310729566,0.517713532674704,0.513215712723346,0.5561070612267067,0.5306946038587567,0.5398583589466511,0.54127650155321,0.5420746329403753,0.5375513414555887,0.5322167234267561,0.5476984268353675,0.5470745603282857],[0.016899541961149688,0.0,0.005775300785899162,0.0,0.0,0.0,0.0011656277682781126,0.0011656277682781124,0.008619960614810249,0.03485647895002336,0.08960411258602063,0.10539669849538662,0.08169874534608969,0.18971338158570333,0.061310298215552575,0.3104117488778751,0.016839472724268216,0.03517062786043306,0.3339470643589987,0.3372644877975635,0.3594346370992308,0.446836752604307,0.32773886004340047,0.32859965586755074,0.32149842363045006,0.3256240955650319,0.46272815673038314,0.47761434068382685,0.4701313003333656,0.48095860855959593,0.4775669949237324,0.47617143034774506,0.4837883482667325,0.483119099343019,0.4806181749253541,0.4837632396675232,0.4799711969033255,0.47536913128359826,0.5183793613777198,0.4928247001689193,0.5019636262936619,0.5033227810973858,0.504145127755679,0.4997842729884642,0.4945086806091384,0.5097873857719972,0.5092434474325042],[0.02923523139747536,0.005775300785899162,0.0,0.0,0.0,0.06785978376865387,0.01416005500221283,0.030207895946245573,0.04053485733828723,0.047850906183958444,0.10259853981995451,0.11839112572932063,0.10231476085141238,0.20164527176548647,0.08406705110441735,0.31970657096669336,0.04638452905325553,0.06403540233043296,0.34295845176668077,0.345861186297553,0.36820166292078216,0.4562068046729292,0.33694730497097214,0.33795514324434556,0.3311868649476791,0.3358156082507965,0.4733527939753388,0.4880431976876083,0.4806212876481496,0.4912889642852878,0.48785193757387035,0.48658711737518623,0.494035067550239,0.4935142689699471,0.49103300601590083,0.49397482836781975,0.4903871879932038,0.4856703318537328,0.5284305633979265,0.5029606754693291,0.5120601056116543,0.5134059851326954,0.5142039061490303,0.5097501695489289,0.5045624640666269,0.5197617518325564,0.5193006389120652],[0.03883147157839355,0.0,0.0,0.0,0.0,0.06785978376865387,0.008384754216313583,0.0268689203104113,0.038246472950167185,0.04207560539805903,0.09682323903405556,0.11261582494342165,0.10589050815718118,0.20796088264998228,0.08666279892308348,0.32673203575481763,0.046095305670160715,0.0636709703919029,0.3498793852862671,0.35328275103833673,0.37456947373281924,0.4617677838695635,0.3433793831656952,0.3444770911267141,0.33715259942643855,0.34186616591067553,0.4792176907943183,0.49410602224395433,0.48661187656591287,0.4974145197426736,0.493892353229506,0.4925648022262908,0.5001908839812457,0.49981589280231054,0.4972967966244142,0.5002088107481006,0.49662867422133916,0.49190488660458337,0.5346150289813049,0.5092050598349859,0.518285534037436,0.5196533427304206,0.520458720778563,0.5160389781354259,0.5108103267394483,0.5260252948429898,0.5254907156682619],[0.0,0.0,0.0,0.0,0.0,0.0,0.008384754216313583,0.009167878550027445,0.019133114387652406,0.04207560539805903,0.09682323903405556,0.11261582494342165,0.0836855864519116,0.18621758333953597,0.06450475070923643,0.30564029309098195,0.024886067998720018,0.04294654296373807,0.32914708965752965,0.3319644134932549,0.35480585274912996,0.44291819771656044,0.3232517375707705,0.3241553486887455,0.3172710945054745,0.32174439381513853,0.4592539983186625,0.473984995314891,0.4666255634948756,0.4773941892297888,0.4738975478357953,0.4726316437280577,0.4801530689272478,0.4793313717380162,0.47688233080724274,0.4799463678674289,0.47625883301855576,0.47159225504462815,0.5145503300725596,0.48893951180396406,0.4980732521971374,0.4994032044932926,0.5002052445747024,0.4958206972447029,0.49058499298414426,0.5058639782120602,0.5053426028642722],[0.030147957333877665,0.0,0.06785978376865387,0.06785978376865387,0.0,0.0,0.008384754216313583,0.028294836383431398,0.0395131795458831,0.04207560539805903,0.09682323903405556,0.11261582494342165,0.10379412759533568,0.2030101674337515,0.08543733709780722,0.3211844168908018,0.04685573964872771,0.06528538877968855,0.34429147778522523,0.34755307281831394,0.36909136898969275,0.4569539630430035,0.33779135995771653,0.3390240708849012,0.33258458047068024,0.33745550652880896,0.47473627316545536,0.4895501924876017,0.4820658331982724,0.49285711261839,0.48935262223339626,0.48801268753963195,0.4955815640377514,0.4945441594425504,0.49218575103935575,0.49566149491647876,0.49163421888940784,0.48712535044518007,0.5302008683994189,0.5046142981725771,0.5138573685119776,0.5152116924246327,0.5160134402348447,0.5115397573526741,0.5062707735922931,0.5216994769197767,0.5211080510314247],[0.02232233904686465,0.0011656277682781126,0.01416005500221283,0.008384754216313583,0.008384754216313583,0.008384754216313583,0.0,0.0,0.011581230908632278,0.0,0.05474763363599777,0.07054021954536438,0.06644300632676393,0.17833779868804198,0.04658142315723986,0.3011736004183023,0.020095626722283814,0.02655023950846439,0.32443311819100035,0.32860271456787676,0.34960354918750275,0.43560290551962016,0.31789914270789743,0.3187544877929686,0.31149677666725023,0.3155724772844129,0.4523716463296667,0.4668519375708688,0.459647883373221,0.4702092878594783,0.46684669542801066,0.4655322648700719,0.47302954117220664,0.4724247351238568,0.47000639172470154,0.4732911538612229,0.469396271313077,0.46485652245924963,0.5077940528007232,0.4823615333178381,0.49153211679897235,0.4929158174359902,0.4937353060315007,0.48926397952981293,0.4840084198538746,0.4993361328828887,0.49871708936773107],[0.06326909315700893,0.0011656277682781124,0.030207895946245573,0.0268689203104113,0.009167878550027445,0.028294836383431398,0.0,0.0,0.0,0.0,0.0,0.0,0.03485273094161355,0.15071038265919867,0.017077788321562787,0.27710778196872526,0.008510864144563536,0.008510864144563535,0.30177232567636586,0.30463964536576094,0.33141085994284336,0.4167725416024235,0.29836136227373333,0.2974219481037087,0.2944284224433454,0.29556818422050973,0.4280117352203187,0.440762331832391,0.43417393314643715,0.4435120133326447,0.4410551509756291,0.44035250001764376,0.44615692752892167,0.44557863345676785,0.44309665279450955,0.44642533569065235,0.4425086159660906,0.4378981329112383,0.4812886167702313,0.4559209064729215,0.4653423105008317,0.4669294230470025,0.4678487181791834,0.46257812783531105,0.45729254312239453,0.47314433223835706,0.4725611660056598],[0.07305987693065241,0.008619960614810249,0.04053485733828723,0.038246472950167185,0.019133114387652406,0.0395131795458831,0.011581230908632278,0.0,0.0,0.011581230908632277,0.011581230908632278,0.011581230908632278,0.029358924094400062,0.15426469537898713,0.006549749151155465,0.28216078417590906,-0.002017525219917285,-0.0020175252199172836,0.30754908456974933,0.3089854151861123,0.33854647716536934,0.4242443710793869,0.30505608632851067,0.3034359656226132,0.30236568464090186,0.3027609400746185,0.4328607776045566,0.44444290519769825,0.43840050073624304,0.4474036849005424,0.44501085137119634,0.4447739700062327,0.450136286630244,0.44924894431348883,0.44672019828905063,0.4499532860269601,0.44608618175815745,0.4415373213038744,0.4851547691836525,0.45974749286965283,0.4692085595216421,0.4708042245548603,0.47173731627526894,0.46629021506963886,0.4610484267795151,0.47696358436172953,0.47644017151403534],[0.049643493348720785,0.03485647895002336,0.047850906183958444,0.04207560539805903,0.04207560539805903,0.04207560539805903,0.0,0.0,0.011581230908632277,0.0,0.0,0.015792585909366608,0.05147683198003766,0.16621934917010367,0.03227535617805752,0.29186358874421076,0.020092095053196014,0.020113220363002123,0.3160399642211465,0.319402251528238,0.3416833401835021,0.4265408536951851,0.3101001265274988,0.3107168079849542,0.3034656511577494,0.3074724410357629,0.4430059553700404,0.456526751878744,0.44979300696403457,0.45978020860186686,0.45674570215194016,0.45575016384805933,0.46254206879000886,0.46192124361736925,0.4595211542375536,0.46277327285084674,0.4588955410862448,0.4542985765064971,0.4973669652211543,0.4719778046523495,0.48109115580465,0.4825576318640824,0.4833882002462877,0.47870475923573375,0.47355622509603557,0.48884668309607177,0.48831011372510214],[0.10258697835023176,0.08960411258602063,0.10259853981995451,0.09682323903405556,0.09682323903405556,0.09682323903405556,0.05474763363599777,0.0,0.011581230908632278,0.0,0.0,0.0,0.06544254445366182,0.18130251667330854,0.04394099883188243,0.3056810541384911,0.020092095053196014,0.024640628889281736,0.32952516408987487,0.3331367024009165,0.3551671068585534,0.44036181403924224,0.3235203062230345,0.3242210137196536,0.31697211696791583,0.3209949914748393,0.4559254174429105,0.4699141154794695,0.46293239144652737,0.47340119566673744,0.46998956197210096,0.46882795534357286,0.4762339089648928,0.475369735972475,0.47301109601995983,0.47652697251402354,0.4724618707324116,0.46797463280827345,0.5111720860670538,0.48563920395120724,0.49469425423556806,0.49619483299057787,0.49700009716682897,0.4923031383910916,0.48728088245620876,0.5024057937677794,0.5020474625321601],[0.11831857737137906,0.10539669849538662,0.11839112572932063,0.11261582494342165,0.11261582494342165,0.11261582494342165,0.07054021954536438,0.0,0.011581230908632278,0.015792585909366608,0.0,0.0,0.07123181731767818,0.1833252194962619,0.05078760589751154,0.30570937218109656,0.020175930823909144,0.029266590647202537,0.32902987361418,0.33308728291536344,0.35448929459155476,0.4397514436908977,0.32270816033092864,0.32338940790937687,0.3162947250578693,0.3201794873322796,0.4554747369225504,0.4700120448788926,0.4626162490110565,0.47332387889250443,0.46983424424168535,0.4684351635504683,0.4760973839635546,0.4751960603028399,0.4729077784761591,0.4766247217353299,0.47240835720076857,0.46794352541065465,0.5111421331382257,0.48570922834186764,0.4947794036798138,0.4963187250703886,0.49713211625179426,0.49232840857738025,0.48728660201811275,0.5024969339130094,0.5021420211298087],[0.1352612003190152,0.08169874534608969,0.10231476085141238,0.10589050815718118,0.0836855864519116,0.10379412759533568,0.06644300632676393,0.03485273094161355,0.029358924094400062,0.05147683198003766,0.06544254445366182,0.07123181731767818,0.0,0.0,0.0,0.12850387394428253,0.05568500980734825,0.02570077404379845,0.15420465171337128,0.15420465171337128,0.19226618769640488,0.3416862555149027,0.1576640172332787,0.1516805981692755,0.1886460450865467,0.18460328369978327,0.34386244189202947,0.3489637880201412,0.34199971870105617,0.3498460358945353,0.34927654938026603,0.3492806405802279,0.3521255295512537,0.3504236650955949,0.34780003618036226,0.3503616093776861,0.3469873254084836,0.34221062422549187,0.3848000503387098,0.35946060520011003,0.3684507392425507,0.37015020953861155,0.3709967849687553,0.3660894440484412,0.3607908687518373,0.3762960819201016,0.37590804894876567],[0.2319259143864553,0.18971338158570333,0.20164527176548647,0.20796088264998228,0.18621758333953597,0.2030101674337515,0.17833779868804198,0.15071038265919867,0.15426469537898713,0.16621934917010367,0.18130251667330854,0.1833252194962619,0.0,0.0,0.12850386649370193,0.0,0.1841888763010502,0.15420464053750038,0.025700777769088745,0.025700777769088745,0.08185172683676914,0.3030609045404323,0.049883515385557874,0.026810367862310308,0.10717265251715392,0.09621547992388983,0.303465685057988,0.30964631402626286,0.3026740840355903,0.3102684684270568,0.309976252919144,0.30998599213049594,0.312334441342466,0.3096757573911807,0.30728467143735666,0.30899664060516513,0.30649319756973975,0.30151472359867104,0.3429462854340086,0.3174675130137973,0.32612975642464265,0.327635627202193,0.3283877799849975,0.3243061160854244,0.31895241169332117,0.33388592364929603,0.3335191513436837],[0.11811910083190626,0.061310298215552575,0.08406705110441735,0.08666279892308348,0.06450475070923643,0.08543733709780722,0.04658142315723986,0.017077788321562787,0.006549749151155465,0.03227535617805752,0.04394099883188243,0.05078760589751154,0.0,0.12850386649370193,0.0,0.25700774043798447,0.029984235763549805,-6.938893903907236e-21,0.2827085182070732,0.2827085182070732,0.31496708283068703,0.40519101280533765,0.282399415872409,0.2792623164093558,0.2832337485015018,0.2815359594901667,0.4090880651804474,0.41472782062914465,0.4076140286978997,0.41606642161715807,0.41493894742694654,0.4149442773475464,0.4190367260775296,0.4181981632339711,0.4156178465105149,0.4184200473216061,0.4147992230626036,0.4103169359716293,0.45310853608270907,0.42793323270934946,0.4367313468527837,0.43853033443585715,0.43939210944974294,0.434297670264387,0.42893437955647457,0.44448819964911634,0.4439555895697837],[0.34799219973635975,0.3104117488778751,0.31970657096669336,0.32673203575481763,0.30564029309098195,0.3211844168908018,0.3011736004183023,0.27710778196872526,0.28216078417590906,0.29186358874421076,0.3056810541384911,0.30570937218109656,0.12850387394428253,0.0,0.25700774043798447,0.0,0.3126927502453327,0.2827085144817829,0.0,0.0,0.06010274524155899,0.31841962800953233,0.035336318324711624,0.004532065275317695,0.0901537626573028,0.07813721244341837,0.31807312775413726,0.3252756328844876,0.31818691432795293,0.32566537402621853,0.3255469718838267,0.3255473584218501,0.3276593161863568,0.32485879445696975,0.32245112240197066,0.3237095025241722,0.3215954534686799,0.3165485629904057,0.3570723876918046,0.3317169522222641,0.3400162666577514,0.34146499451189904,0.3421429401660392,0.3388213166974566,0.33326010529506844,0.34794145865110854,0.3472665081862083],[0.08123405178438846,0.016839472724268216,0.04638452905325553,0.046095305670160715,0.024886067998720018,0.04685573964872771,0.020095626722283814,0.008510864144563536,-0.002017525219917285,0.020092095053196014,0.020092095053196014,0.020175930823909144,0.05568500980734825,0.1841888763010502,0.029984235763549805,0.3126927502453327,0.0,1.457167719820518e-19,0.33839352801442146,0.33839352801442146,0.3668155883053073,0.4333439329691888,0.33612883972304153,0.3343176892372352,0.3220929920824763,0.32245571881527363,0.4400951556816274,0.4464761875018636,0.441045306035372,0.45011046779255726,0.44722778993822754,0.44767241327373064,0.45301589516941,0.4506863119832877,0.44856565966573053,0.4513182895789456,0.44794629878595155,0.44376909000227943,0.48533392356513666,0.4603372874251744,0.46831766669595104,0.4701282691649808,0.47088676473606245,0.4667909731128933,0.4614016424807052,0.47610421386353663,0.4754639224519525],[0.09884121406627107,0.03517062786043306,0.06403540233043296,0.0636709703919029,0.04294654296373807,0.06528538877968855,0.02655023950846439,0.008510864144563535,-0.0020175252199172836,0.020113220363002123,0.024640628889281736,0.029266590647202537,0.02570077404379845,0.15420464053750038,-6.938893903907236e-21,0.2827085144817829,1.457167719820518e-19,0.0,0.30840929225087166,0.30840929225087166,0.3382856813542413,0.41699829702361624,0.30629684053785516,0.3043516030521204,0.3007457162405266,0.29998996920010146,0.42134847026186845,0.4273122005171653,0.4198609502878425,0.42939021431276214,0.427212485085965,0.4269706641883049,0.4325747297825417,0.4314388530408545,0.4290142279229511,0.4316822330208762,0.42821708473682296,0.4238498884999458,0.4664495759641557,0.4412654450029834,0.44982845746325895,0.45166534492814203,0.4525237654800448,0.4475868556342623,0.4422112399564144,0.45766226626266454,0.4570663847011804],[0.3706118184973146,0.3339470643589987,0.34295845176668077,0.3498793852862671,0.32914708965752965,0.34429147778522523,0.32443311819100035,0.30177232567636586,0.30754908456974933,0.3160399642211465,0.32952516408987487,0.32902987361418,0.15420465171337128,0.025700777769088745,0.2827085182070732,0.0,0.33839352801442146,0.30840929225087166,0.0,-1.254401473033089e-35,0.011360634110739676,0.28983254572114225,0.026744360414147923,-0.004070110309124035,0.049385586636416436,0.030063800571201955,0.28988212430176774,0.3005904591492893,0.2935018170480776,0.30109655286264975,0.30103191785304306,0.3009928538928078,0.30310061222214874,0.30027499679458297,0.2978259740949619,0.299554213770216,0.2970344111783493,0.2920628645207416,0.3334167110955942,0.30787321643120363,0.31695633113138433,0.31817121557342526,0.31892774321872464,0.31518124772097067,0.3095763637587834,0.3248730803696995,0.3241992471272472],[0.3742019624244377,0.3372644877975635,0.345861186297553,0.35328275103833673,0.3319644134932549,0.34755307281831394,0.32860271456787676,0.30463964536576094,0.3089854151861123,0.319402251528238,0.3331367024009165,0.33308728291536344,0.15420465171337128,0.025700777769088745,0.2827085182070732,0.0,0.33839352801442146,0.30840929225087166,-1.254401473033089e-35,0.0,0.04132849822676928,0.2892689531569536,0.05672859245240799,0.025914121729136017,0.07559085512378612,0.049741155123414545,0.288096249294175,0.2957249471406871,0.28864262402104035,0.29611838575396204,0.2959801372068561,0.2960031099217503,0.298088025197818,0.2949131503169817,0.2926194755253788,0.29393788520041403,0.2918541348368959,0.286902575653036,0.32713195870666884,0.3017842398221549,0.3100562355230753,0.31142717554632704,0.31207075356179037,0.3089367737230952,0.3033885068863031,0.31795470805211057,0.31721907684520273],[0.3952018212497837,0.3594346370992308,0.36820166292078216,0.37456947373281924,0.35480585274912996,0.36909136898969275,0.34960354918750275,0.33141085994284336,0.33854647716536934,0.3416833401835021,0.3551671068585534,0.35448929459155476,0.19226618769640488,0.08185172683676914,0.31496708283068703,0.06010274524155899,0.3668155883053073,0.3382856813542413,0.011360634110739676,0.04132849822676928,0.0,0.26577480882406235,-3.0266024880520887e-36,0.0,0.0,0.0,0.26685381759966637,0.28069632321231575,0.2724388799682653,0.2813189260651317,0.2808794028303769,0.27929101053664307,0.2834029761468844,0.2811769198245531,0.2787226298359713,0.2810446915739148,0.2780624682334973,0.273006446618303,0.3149353111926109,0.2893233261568113,0.29891729293942076,0.29996705266360013,0.3007116937548273,0.29677696742394183,0.2911630511469568,0.30674731812152367,0.3060139402890583],[0.4823798423624895,0.446836752604307,0.4562068046729292,0.4617677838695635,0.44291819771656044,0.4569539630430035,0.43560290551962016,0.4167725416024235,0.4242443710793869,0.4265408536951851,0.44036181403924224,0.4397514436908977,0.3416862555149027,0.3030609045404323,0.40519101280533765,0.31841962800953233,0.4333439329691888,0.41699829702361624,0.28983254572114225,0.2892689531569536,0.26577480882406235,0.0,0.29273747280240064,0.2927374728024006,0.0,0.0,-0.0016369856894016257,0.006607096642255784,0.006607096642255784,0.006607096642255784,0.006607096642255784,0.006607096642255784,0.011538620216469698,0.0401733501498103,0.03059874836490265,0.04102288122739344,0.028472006762309664,0.024107045191227437,0.0865858469996729,0.05911319599374461,0.07570341469134824,0.07622291077825966,0.078265403433081,0.0672823736176855,0.061137905351342565,0.08454421092992419,0.0834664978688125],[0.3642318170698166,0.32773886004340047,0.33694730497097214,0.3433793831656952,0.3232517375707705,0.33779135995771653,0.31789914270789743,0.29836136227373333,0.30505608632851067,0.3101001265274988,0.3235203062230345,0.32270816033092864,0.1576640172332787,0.049883515385557874,0.282399415872409,0.035336318324711624,0.33612883972304153,0.30629684053785516,0.026744360414147923,0.05672859245240799,-3.0266024880520887e-36,0.29273747280240064,0.0,-9.258284863488051e-36,0.02696266397833824,0.02696266397833824,0.29445636240313916,0.3082247700099194,0.3002863365809075,0.3088766872154312,0.3085978241355832,0.3068188197783967,0.3104992246165514,0.3071408600885672,0.3047194432517004,0.30700283387960786,0.30409431561761635,0.29900378860142074,0.3407324857646422,0.3151075547748464,0.3245967750206961,0.32562240005818854,0.3263437187615802,0.3226032966307853,0.31698957153049107,0.33242640898481673,0.3317105832771804],[0.3655022374359917,0.32859965586755074,0.33795514324434556,0.3444770911267141,0.3241553486887455,0.3390240708849012,0.3187544877929686,0.2974219481037087,0.3034359656226132,0.3107168079849542,0.3242210137196536,0.32338940790937687,0.1516805981692755,0.026810367862310308,0.2792623164093558,0.004532065275317695,0.3343176892372352,0.3043516030521204,-0.004070110309124035,0.025914121729136017,0.0,0.2927374728024006,-9.258284863488051e-36,0.0,0.031054277025869235,0.02696266397833824,0.2934588933481825,0.3049245617170757,0.2977143016453306,0.3054632794669516,0.3055857438184575,0.3050719553297251,0.30743415024876575,0.3044474879096896,0.30202693970845945,0.3040304260925865,0.3012998337324135,0.2963066316373158,0.33773806911888987,0.3121951218639975,0.3213990137585395,0.32250560641684684,0.32322608860896895,0.31963699742627755,0.3139974805849189,0.3292720433618866,0.32855543458433906],[0.3593840721400227,0.32149842363045006,0.3311868649476791,0.33715259942643855,0.3172710945054745,0.33258458047068024,0.31149677666725023,0.2944284224433454,0.30236568464090186,0.3034656511577494,0.31697211696791583,0.3162947250578693,0.1886460450865467,0.10717265251715392,0.2832337485015018,0.0901537626573028,0.3220929920824763,0.3007457162405266,0.049385586636416436,0.07559085512378612,0.0,0.0,0.02696266397833824,0.031054277025869235,0.0,-9.367506770274758e-20,0.036940078016924456,0.05797135380050456,0.046963792170125,0.057939508473159755,0.05126498516366706,0.04869298869133521,0.06321394080187744,0.08204222496096725,0.07868775589051587,0.08496992567519053,0.0778468261494325,0.07220334674027552,0.12142050960051266,0.09518898574073549,0.10886742506510512,0.10936566704232752,0.11067090898985622,0.10292958967509881,0.0972580781844235,0.11689450164167939,0.1160349616634018],[0.3645207638590233,0.3256240955650319,0.3358156082507965,0.34186616591067553,0.32174439381513853,0.33745550652880896,0.3155724772844129,0.29556818422050973,0.3027609400746185,0.3074724410357629,0.3209949914748393,0.3201794873322796,0.18460328369978327,0.09621547992388983,0.2815359594901667,0.07813721244341837,0.32245571881527363,0.29998996920010146,0.030063800571201955,0.049741155123414545,0.0,0.0,0.02696266397833824,0.02696266397833824,-9.367506770274758e-20,0.0,0.006385968312025955,0.0388329933757899,0.01989097094765931,0.038569108957151765,0.028306015520251946,0.024510555731971306,0.04659525891574999,0.0688099957608496,0.06395156749253611,0.07087391987787062,0.06247697034938473,0.05723185684864361,0.10972841777944634,0.08325424927509677,0.09780449090614796,0.09845412738596172,0.10010133613539289,0.09092220895368161,0.08521003852292695,0.10608149183739911,0.10532686443067586],[0.5009307213675402,0.46272815673038314,0.4733527939753388,0.4792176907943183,0.4592539983186625,0.47473627316545536,0.4523716463296667,0.4280117352203187,0.4328607776045566,0.4430059553700404,0.4559254174429105,0.4554747369225504,0.34386244189202947,0.303465685057988,0.4090880651804474,0.31807312775413726,0.4400951556816274,0.42134847026186845,0.28988212430176774,0.288096249294175,0.26685381759966637,-0.0016369856894016257,0.29445636240313916,0.2934588933481825,0.036940078016924456,0.006385968312025955,0.0,0.0,-6.245004513516505e-20,0.0,5.134637909390444e-36,5.2281999289615865e-36,0.009900412141811067,0.03783796223763288,0.028451495399841313,0.03829311884132085,0.026027398145168988,0.022359325727070785,0.08648422276251962,0.058125536388966996,0.07734481740607711,0.07801394311473181,0.08041178600588227,0.06601818789223782,0.059938757121822055,0.0860642168191356,0.08512088289614861],[0.5155341167412837,0.47761434068382685,0.4880431976876083,0.49410602224395433,0.473984995314891,0.4895501924876017,0.4668519375708688,0.440762331832391,0.44444290519769825,0.456526751878744,0.4699141154794695,0.4700120448788926,0.3489637880201412,0.30964631402626286,0.41472782062914465,0.3252756328844876,0.4464761875018636,0.4273122005171653,0.3005904591492893,0.2957249471406871,0.28069632321231575,0.006607096642255784,0.3082247700099194,0.3049245617170757,0.05797135380050456,0.0388329933757899,0.0,0.0,0.028854285832494497,0.06595265492796898,2.589173731608717e-37,0.014839345589280128,0.08161763474345207,0.08986172080039978,0.08986172080039978,0.08986172080039978,0.08986172080039978,0.08986172080039978,0.12577963738199308,0.09979122715839375,0.107759326317149,0.10942812433548713,0.1110606437318104,0.10839270265125088,0.10178268359372801,0.11788383781794412,0.11679622190568252],[0.5080421263718624,0.4701313003333656,0.4806212876481496,0.48661187656591287,0.4666255634948756,0.4820658331982724,0.459647883373221,0.43417393314643715,0.43840050073624304,0.44979300696403457,0.46293239144652737,0.4626162490110565,0.34199971870105617,0.3026740840355903,0.4076140286978997,0.31818691432795293,0.441045306035372,0.4198609502878425,0.2935018170480776,0.28864262402104035,0.2724388799682653,0.006607096642255784,0.3002863365809075,0.2977143016453306,0.046963792170125,0.01989097094765931,-6.245004513516505e-20,0.028854285832494497,0.0,2.6639521037246506e-37,0.014014940243214369,3.989863994746656e-20,0.015664979815483093,0.0239090658724308,0.0239090658724308,0.0239090658724308,0.0239090658724308,0.0239090658724308,0.0643776381123049,0.03542425312144947,0.0520504505831247,0.05342464611801586,0.05582498640380913,0.04382006922235284,0.03719802672896186,0.06144139161127353,0.06050784746849174],[0.5187324250164113,0.48095860855959593,0.4912889642852878,0.4974145197426736,0.4773941892297888,0.49285711261839,0.4702092878594783,0.4435120133326447,0.4474036849005424,0.45978020860186686,0.47340119566673744,0.47332387889250443,0.3498460358945353,0.3102684684270568,0.41606642161715807,0.32566537402621853,0.45011046779255726,0.42939021431276214,0.30109655286264975,0.29611838575396204,0.2813189260651317,0.006607096642255784,0.3088766872154312,0.3054632794669516,0.057939508473159755,0.038569108957151765,0.0,0.06595265492796898,2.6639521037246506e-37,0.0,0.05111330933868885,0.03709836909547448,0.0008256323635578164,0.009069718420505525,0.009069718420505524,0.009069718420505524,0.009069718420505524,0.009069718420505524,0.05320291631272383,0.022612978107250273,0.04411087503442492,0.04531493733221292,0.047981527287747024,0.03059294920430103,0.024085275660738627,0.05248480736477251,0.05177132345435585],[0.5150762840277635,0.4775669949237324,0.48785193757387035,0.493892353229506,0.4738975478357953,0.48935262223339626,0.46684669542801066,0.4410551509756291,0.44501085137119634,0.45674570215194016,0.46998956197210096,0.46983424424168535,0.34927654938026603,0.309976252919144,0.41493894742694654,0.3255469718838267,0.44722778993822754,0.427212485085965,0.30103191785304306,0.2959801372068561,0.2808794028303769,0.006607096642255784,0.3085978241355832,0.3055857438184575,0.05126498516366706,0.028306015520251946,5.134637909390444e-36,2.589173731608717e-37,0.014014940243214369,0.05111330933868885,0.0,-3.469446951953614e-20,0.06677828915417194,0.07502237521111965,0.07502237521111965,0.07502237521111965,0.07502237521111965,0.07502237521111965,0.11098837904374806,0.08492096560914367,0.0932378965021322,0.09488393542199158,0.09656987956684256,0.0935416736888977,0.08691058907864639,0.10336284651532458,0.10222950210660485],[0.513827300145464,0.47617143034774506,0.48658711737518623,0.4925648022262908,0.4726316437280577,0.48801268753963195,0.4655322648700719,0.44035250001764376,0.4447739700062327,0.45575016384805933,0.46882795534357286,0.4684351635504683,0.3492806405802279,0.30998599213049594,0.4149442773475464,0.3255473584218501,0.44767241327373064,0.4269706641883049,0.3009928538928078,0.2960031099217503,0.27929101053664307,0.006607096642255784,0.3068188197783967,0.3050719553297251,0.04869298869133521,0.024510555731971306,5.2281999289615865e-36,0.014839345589280128,3.989863994746656e-20,0.03709836909547448,-3.469446951953614e-20,0.0,0.052763348910957575,0.06100743496790528,0.06100743496790528,0.06100743496790528,0.06100743496790528,0.06100743496790528,0.09754507502102414,0.07108992360982382,0.08053032688916024,0.08212144499344814,0.08392880424090841,0.0797029446059833,0.07306467498276253,0.09063788838711105,0.08948227153560649],[0.5214825304630035,0.4837883482667325,0.494035067550239,0.5001908839812457,0.4801530689272478,0.4955815640377514,0.47302954117220664,0.44615692752892167,0.450136286630244,0.46254206879000886,0.4762339089648928,0.4760973839635546,0.3521255295512537,0.312334441342466,0.4190367260775296,0.3276593161863568,0.45301589516941,0.4325747297825417,0.30310061222214874,0.298088025197818,0.2834029761468844,0.011538620216469698,0.3104992246165514,0.30743415024876575,0.06321394080187744,0.04659525891574999,0.009900412141811067,0.08161763474345207,0.015664979815483093,0.0008256323635578164,0.06677828915417194,0.052763348910957575,0.0,0.0,-4.163336342344337e-20,0.0,-1.3744106336402842e-36,4.163336342344337e-20,0.047163673608666266,0.016907827455824444,0.04017814685978339,0.04125225958180473,0.044016807022888516,0.02393932589846377,0.01770155741797566,0.04767470058450548,0.04712104774849841],[0.5206495102656603,0.483119099343019,0.4935142689699471,0.49981589280231054,0.4793313717380162,0.4945441594425504,0.4724247351238568,0.44557863345676785,0.44924894431348883,0.46192124361736925,0.475369735972475,0.4751960603028399,0.3504236650955949,0.3096757573911807,0.4181981632339711,0.32485879445696975,0.4506863119832877,0.4314388530408545,0.30027499679458297,0.2949131503169817,0.2811769198245531,0.0401733501498103,0.3071408600885672,0.3044474879096896,0.08204222496096725,0.0688099957608496,0.03783796223763288,0.08986172080039978,0.0239090658724308,0.009069718420505525,0.07502237521111965,0.06100743496790528,0.0,0.0,6.938893903907226e-21,0.06347947008907794,0.015663765370845795,0.027205487713217735,0.09129735928921205,0.07988791912794113,0.1084115207195282,0.1084115207195282,0.11094695329666138,0.07988791912794113,0.07988791912794113,0.11094695329666138,0.11094695329666138],[0.518295252237203,0.4806181749253541,0.49103300601590083,0.4972967966244142,0.47688233080724274,0.49218575103935575,0.47000639172470154,0.44309665279450955,0.44672019828905063,0.4595211542375536,0.47301109601995983,0.4729077784761591,0.34780003618036226,0.30728467143735666,0.4156178465105149,0.32245112240197066,0.44856565966573053,0.4290142279229511,0.2978259740949619,0.2926194755253788,0.2787226298359713,0.03059874836490265,0.3047194432517004,0.30202693970845945,0.07868775589051587,0.06395156749253611,0.028451495399841313,0.08986172080039978,0.0239090658724308,0.009069718420505524,0.07502237521111965,0.06100743496790528,-4.163336342344337e-20,6.938893903907226e-21,0.0,0.047815704718232155,1.3877787807814454e-20,0.01154172234237194,0.07563359880565186,0.06422415375709534,0.0927477553486824,0.0927477553486824,0.09528318792581558,0.06422415375709534,0.06422415375709534,0.09528318792581558,0.09528318792581558],[0.5217977310729566,0.4837632396675232,0.49397482836781975,0.5002088107481006,0.4799463678674289,0.49566149491647876,0.4732911538612229,0.44642533569065235,0.4499532860269601,0.46277327285084674,0.47652697251402354,0.4766247217353299,0.3503616093776861,0.30899664060516513,0.4184200473216061,0.3237095025241722,0.4513182895789456,0.4316822330208762,0.299554213770216,0.29393788520041403,0.2810446915739148,0.04102288122739344,0.30700283387960786,0.3040304260925865,0.08496992567519053,0.07087391987787062,0.03829311884132085,0.08986172080039978,0.0239090658724308,0.00906971842