{"full_convex_hulls":{"averages":[[0.0,-0.06970750640019956,0.013492449573372811,0.16849229625817333,0.22590378779818768,0.33162805158624076,0.3551252345100796,0.4135482524197222,0.46040176767297597,0.5052184156893433,0.4983681934402194,0.535069709449361,0.5537640456361997,0.5422582783631174,0.5369789873960651,0.5558214241560928,0.5437890249462054],[-0.06970750640019956,0.0,-0.000019107519860940928,0.15498282916541653,0.2120539773174773,0.32614813494559536,0.36189377286150204,0.4401287023267275,0.501625279644285,0.55091594334771,0.5465613503286225,0.5853395324437725,0.608812899533068,0.5937353063756649,0.5869316508806246,0.609537226441503,0.5947495869493892],[0.013492449573372811,-0.000019107519860940928,0.0,0.00019982737302781602,0.0656228120646467,0.21428626832767253,0.2684965066767539,0.3606855900153034,0.43090157109241706,0.4850253922100548,0.483979298630121,0.5245374897321974,0.5515423160797537,0.534266338214989,0.5261602742740338,0.5530625249257382,0.5350691460294891],[0.16849229625817333,0.15498282916541653,0.00019982737302781602,0.0,-0.06389167136251735,0.13931802694222248,0.18905593341081775,0.2913019827044071,0.36801472113223166,0.42585959075427327,0.4263514566876973,0.4678946867493717,0.49727471613999635,0.47849146412468413,0.4697008236008616,0.4994353687322293,0.47957148950244394],[0.22590378779818768,0.2120539773174773,0.0656228120646467,-0.06389167136251735,0.0,0.00011925678656167095,0.06078418366797126,0.19453756338017902,0.2901688263394926,0.35178173134931967,0.3526468355394505,0.39445612462828433,0.4246667477949567,0.40529740079042453,0.39595418937826055,0.4266503471349409,0.40626584219967454],[0.33162805158624076,0.32614813494559536,0.21428626832767253,0.13931802694222248,0.00011925678656167095,0.0,-0.05234222941110916,0.12371757977917201,0.24163646976963887,0.3058699281310464,0.30588738744563354,0.3478511324657169,0.37833502139220115,0.3588009946093534,0.34897835298505087,0.3797633040107676,0.35948764768850255],[0.3551252345100796,0.36189377286150204,0.2684965066767539,0.18905593341081775,0.06078418366797126,-0.05234222941110916,0.0,0.00032415327548380866,0.1151925058989025,0.1802171285327752,0.1863374823367545,0.2320413932581688,0.2725953102464613,0.24614204472214543,0.2329437593238418,0.2735550808737497,0.2467343615508898],[0.4135482524197222,0.4401287023267275,0.3606855900153034,0.2913019827044071,0.19453756338017902,0.12371757977917201,0.00032415327548380866,0.0,-0.03151651508138099,0.03771899958505044,0.05974114695862185,0.11205438880252991,0.1657487693267044,0.1306432328329564,0.11274909211695401,0.16729278184706434,0.131338849437278],[0.46040176767297597,0.501625279644285,0.43090157109241706,0.36801472113223166,0.2901688263394926,0.24163646976963887,0.1151925058989025,-0.03151651508138099,0.0,0.00047952068492931123,0.019479646497173892,0.0720495081572941,0.13414713939652612,0.09660001942083614,0.07206867158755362,0.134129204016898,0.09660025706976212],[0.5052184156893433,0.55091594334771,0.4850253922100548,0.42585959075427327,0.35178173134931967,0.3058699281310464,0.1802171285327752,0.03771899958505044,0.00047952068492931123,0.0,-0.009000001464936316,0.04356986420596855,0.10607415819287302,0.06812039803710167,0.0435890236572925,0.10634222769004158,0.06812063141915846],[0.4983681934402194,0.5465613503286225,0.483979298630121,0.4263514566876973,0.3526468355394505,0.30588738744563354,0.1863374823367545,0.05974114695862185,0.019479646497173892,-0.009000001464936316,0.0,-0.03360232148072157,0.0083513255129711,-0.03499046706387524,-0.03361012448214253,0.008370187947404857,-0.03499055171012219],[0.535069709449361,0.5853395324437725,0.5245374897321974,0.4678946867493717,0.39445612462828433,0.3478511324657169,0.2320413932581688,0.11205438880252991,0.0720495081572941,0.04356986420596855,-0.03360232148072157,0.0,-0.011860861609300832,-0.005679935701283016,0.02462099243391639,0.06361911769322233,0.031745317610663716],[0.5537640456361997,0.608812899533068,0.5515423160797537,0.49727471613999635,0.4246667477949567,0.37833502139220115,0.2725953102464613,0.1657487693267044,0.13414713939652612,0.10607415819287302,0.0083513255129711,-0.011860861609300832,0.0,-0.005482710740976404,0.06314868775832665,0.04095641781069345,0.048343957372302224],[0.5422582783631174,0.5937353063756649,0.534266338214989,0.47849146412468413,0.40529740079042453,0.3588009946093534,0.24614204472214543,0.1306432328329564,0.09660001942083614,0.06812039803710167,-0.03499046706387524,-0.005679935701283016,-0.005482710740976404,0.0,0.03170050601003267,0.04932284164591214,0.027689030451923283],[0.5369789873960651,0.5869316508806246,0.5261602742740338,0.4697008236008616,0.39595418937826055,0.34897835298505087,0.2329437593238418,0.11274909211695401,0.07206867158755362,0.0435890236572925,-0.03361012448214253,0.02462099243391639,0.06314868775832665,0.03170050601003267,0.0,-0.011859072870765099,-0.005654789320467812],[0.5558214241560928,0.609537226441503,0.5530625249257382,0.4994353687322293,0.4266503471349409,0.3797633040107676,0.2735550808737497,0.16729278184706434,0.134129204016898,0.10634222769004158,0.008370187947404857,0.06361911769322233,0.04095641781069345,0.04932284164591214,-0.011859072870765099,0.0,-0.004690878531261076],[0.5437890249462054,0.5947495869493892,0.5350691460294891,0.47957148950244394,0.40626584219967454,0.35948764768850255,0.2467343615508898,0.131338849437278,0.09660025706976212,0.06812063141915846,-0.03499055171012219,0.031745317610663716,0.048343957372302224,0.027689030451923283,-0.005654789320467812,-0.004690878531261076,0.0]],"maximums":[[0.0,-0.06970749119957328,0.013492464727084803,0.1684923203495794,0.23551311918266396,0.47230314748800906,0.5435500199860107,0.7490076250916249,0.8879906803006039,0.9901986949292092,1.0140302580318072,1.0813342059205557,1.1377815110849046,1.1013172086909646,1.0576205855673149,1.1086666796131937,1.0744977944929759],[-0.06970749119957328,0.0,-0.000019107519860940786,0.15498299823855388,0.2197990841228886,0.45880010788640235,0.5300441476813303,0.7354846101640486,0.8741140742210796,0.9754923955251054,0.9978567771055447,1.0639673511003835,1.1213812841186714,1.0832173578627413,1.0509649791892839,1.1027113194419094,1.0684678565195953],[0.013492464727084803,-0.000019107519860940786,0.0,0.00019982737302787212,0.07076194576653415,0.30401068475854276,0.3752575575447027,0.580701368003315,0.7197747929032566,0.8238872894285104,0.850127285448913,0.914920703633075,0.9753168300689237,0.9353670247764813,0.9020619130690098,0.9613779096661861,0.9200272686464982],[0.1684923203495794,0.15498299823855388,0.00019982737302787212,0.0,-0.06382840957278291,0.14392960238190863,0.21581438229156147,0.42270309895907254,0.5628610807449739,0.6797353924299361,0.7036893586280585,0.7644631852157886,0.8330340533443721,0.7859856197602668,0.7687263189602039,0.8363729669938542,0.7858062055621551],[0.23551311918266396,0.2197990841228886,0.07076194576653415,-0.06382840957278291,0.0,0.0001192621839680491,0.07070963046280859,0.27491304752590867,0.4155414615398764,0.5323343980636841,0.555939332475557,0.6198773209548825,0.6879879999471116,0.6390195533877997,0.6215386601239667,0.6889923813110485,0.640767916691791],[0.47230314748800906,0.45880010788640235,0.30401068475854276,0.14392960238190863,0.0001192621839680491,0.0,-0.0522192477288356,0.13138156900861742,0.2719662866074043,0.3885843438721069,0.4136641569444286,0.4795813143928213,0.5475906142254547,0.4988181154338447,0.4784621983390036,0.5450892200099307,0.4967826618550154],[0.5435500199860107,0.5300441476813303,0.3752575575447027,0.21581438229156147,0.07070963046280859,-0.0522192477288356,0.0,0.0003241581972959487,0.13592352628212198,0.25289064967766806,0.277713150767023,0.34436748912084925,0.41354100044456676,0.36249362220152603,0.344457885404563,0.4108967298474908,0.3630782994899717],[0.7490076250916249,0.7354846101640486,0.580701368003315,0.42270309895907254,0.27491304752590867,0.13138156900861742,0.0003241581972959487,0.0,-0.021538139789174498,0.04251264758210054,0.06729396843519911,0.13566635371168834,0.20328168213030645,0.1531353340607164,0.13523568671923414,0.20322461413701606,0.15314121080871007],[0.8879906803006039,0.8741140742210796,0.7197747929032566,0.5628610807449739,0.4155414615398764,0.2719662866074043,0.13592352628212198,-0.021538139789174498,0.0,0.00047952855392244254,0.019479646711537017,0.07990781746396941,0.13664353161412704,0.09665144900873143,0.07990605033384185,0.1366452166429241,0.09665142296686219],[0.9901986949292092,0.9754923955251054,0.8238872894285104,0.6797353924299361,0.5323343980636841,0.3885843438721069,0.25289064967766806,0.04251264758210054,0.00047952855392244254,0.0,-0.009000001464936305,0.05142812870751206,0.10816400962504887,0.06817175005897358,0.05142636353761759,0.10817663291916216,0.0681718467647457],[1.0140302580318072,0.9978567771055447,0.850127285448913,0.7036893586280585,0.555939332475557,0.4136641569444286,0.277713150767023,0.06729396843519911,0.019479646711537017,-0.009000001464936305,0.0,-0.03246929993720645,0.016099845424148825,-0.03494021484334065,-0.032489183480922244,0.016110112951855562,-0.034939754050706345],[1.0813342059205557,1.0639673511003835,0.914920703633075,0.7644631852157886,0.6198773209548825,0.4795813143928213,0.34436748912084925,0.13566635371168834,0.07990781746396941,0.05142812870751206,-0.03246929993720645,0.0,-0.011834591759946403,-0.0017097595587969958,0.03353173096110229,0.09042977744221989,0.03408949491091268],[1.1377815110849046,1.1213812841186714,0.9753168300689237,0.8330340533443721,0.6879879999471116,0.5475906142254547,0.41354100044456676,0.20328168213030645,0.13664353161412704,0.10816400962504887,0.016099845424148825,-0.011834591759946403,0.0,0.04100046053452745,0.09043361353343493,0.11901833137916247,0.0823661400224821],[1.1013172086909646,1.0832173578627413,0.9353670247764813,0.7859856197602668,0.6390195533877997,0.4988181154338447,0.36249362220152603,0.1531353340607164,0.09665144900873143,0.06817175005897358,-0.03494021484334065,-0.0017097595587969958,0.04100046053452745,0.0,0.03408202518805899,0.0824140831796436,0.028144437595672183],[1.0576205855673149,1.0509649791892839,0.9020619130690098,0.7687263189602039,0.6215386601239667,0.4784621983390036,0.344457885404563,0.13523568671923414,0.07990605033384185,0.05142636353761759,-0.032489183480922244,0.03353173096110229,0.09043361353343493,0.03408202518805899,0.0,-0.011834607937098741,-0.0017097422426040326],[1.1086666796131937,1.1027113194419094,0.9613779096661861,0.8363729669938542,0.6889923813110485,0.5450892200099307,0.4108967298474908,0.20322461413701606,0.1366452166429241,0.10817663291916216,0.016110112951855562,0.09042977744221989,0.11901833137916247,0.0824140831796436,-0.011834607937098741,0.0,0.04186700296628049],[1.0744977944929759,1.0684678565195953,0.9200272686464982,0.7858062055621551,0.640767916691791,0.4967826618550154,0.3630782994899717,0.15314121080871007,0.09665142296686219,0.0681718467647457,-0.034939754050706345,0.03408949491091268,0.0823661400224821,0.028144437595672183,-0.0017097422426040326,0.04186700296628049,0.0]],"minimums":[[0.0,-0.06970752111572236,0.013492434885499434,0.16849227744500228,0.14831099704593256,0.05070598860341582,-0.05531172673692304,-0.09487519513243549,-0.08603132810343628,-0.0817910309686078,-0.08739877766113689,-0.07054812506738754,-0.05385162450776707,-0.07795211400722077,-0.08351949834248892,-0.055424212293750164,-0.061707043738812355],[-0.06970752111572236,0.0,-0.000019107519860940786,0.15498272372904823,0.14584426175094464,0.0936813313411028,-0.0033789425355959793,-0.04129139508639575,-0.07513475120740143,-0.05799971501112756,-0.08873209389123352,-0.07262609824625625,-0.03538457375952656,-0.05137811305115237,-0.06257905971999328,-0.0437573609004188,-0.0486276653066976],[0.013492434885499434,-0.000019107519860940786,0.0,0.0001998273730277611,0.028218563539064656,0.08882683694309057,-0.0015511640345808042,-0.08855560860368655,-0.0824430309171321,-0.08802646112275929,-0.09210196890455015,-0.07317162193893309,-0.04456862543736039,-0.05828916614208919,-0.05141099744356929,-0.04308878704133678,-0.035241868974268564],[0.16849227744500228,0.15498272372904823,0.0001998273730277611,0.0,-0.06398296955539638,0.10023933521220099,0.044637220758361636,-0.09055450989753983,-0.07079212174870396,-0.07008624833062331,-0.08020172700712964,-0.05157580691845303,-0.0518217528825246,-0.021293880314478774,-0.05050157908157222,-0.023923901022579533,-0.04523490653880133],[0.14831099704593256,0.14584426175094464,0.028218563539064656,-0.06398296955539638,0.0,0.00011925623495076494,-0.05015327584899586,-0.06698312351450363,-0.07427936372191436,-0.0467593775609285,-0.06853554950587626,-0.031970903621933645,-0.0188643508994472,-0.03421508621277337,-0.059521840089140216,-0.0407845153399191,-0.050130687432020316],[0.05070598860341582,0.0936813313411028,0.08882683694309057,0.10023933521220099,0.00011925623495076494,0.0,-0.05250429786090378,0.07317076522473577,0.12312102517490618,0.11668822818343122,0.04976131814745956,0.037201520200218725,-0.004779660519814375,0.018087366012137493,0.04216617964995704,-0.00342312178887292,0.02108001926191552],[-0.05531172673692304,-0.0033789425355959793,-0.0015511640345808042,0.044637220758361636,-0.05015327584899586,-0.05250429786090378,0.0,0.0003241527326669155,0.053640452002196706,0.04175397339965097,-0.02508706410959894,-0.03911456606303981,-0.045085157190650205,-0.03266429395203092,-0.03029632522126708,-0.06078884177213943,-0.028655090047503013],[-0.09487519513243549,-0.04129139508639575,-0.08855560860368655,-0.09055450989753983,-0.06698312351450363,0.07317076522473577,0.0003241527326669155,0.0,-0.061521319014807826,-0.015481829586754836,-0.016571537577725812,-0.020474998883143948,0.018915477880546608,0.007922042901208027,-0.015387553900109426,0.01685039899945368,0.006944714815014548],[-0.08603132810343628,-0.07513475120740143,-0.0824430309171321,-0.07079212174870396,-0.07427936372191436,0.12312102517490618,0.053640452002196706,-0.061521319014807826,0.0,0.000479520270138159,0.0194796463846382,0.06552927082943599,0.12776201118708838,0.0965775662478916,0.06554620677111629,0.12779664797131793,0.09657756609871848],[-0.0817910309686078,-0.05799971501112756,-0.08802646112275929,-0.07008624833062331,-0.0467593775609285,0.11668822818343122,0.04175397339965097,-0.015481829586754836,0.000479520270138159,0.0,-0.009000001464936305,0.03704967686101781,0.10075517499470088,0.06809799930983311,0.0370666156569181,0.10143840394620376,0.06809799929106791],[-0.08739877766113689,-0.08873209389123352,-0.09210196890455015,-0.08020172700712964,-0.06853554950587626,0.04976131814745956,-0.02508706410959894,-0.016571537577725812,0.0194796463846382,-0.009000001464936305,0.0,-0.034005882432112486,0.003175516296327184,-0.03501335666227976,-0.03404932594889689,0.003352189086005213,-0.035013379367904454],[-0.07054812506738754,-0.07262609824625625,-0.07317162193893309,-0.05157580691845303,-0.031970903621933645,0.037201520200218725,-0.03911456606303981,-0.020474998883143948,0.06552927082943599,0.03704967686101781,-0.034005882432112486,0.0,-0.011900117232909506,-0.01996785402297974,0.018231514498620503,0.006604185672294912,0.02684181198901203],[-0.05385162450776707,-0.03538457375952656,-0.04456862543736039,-0.0518217528825246,-0.0188643508994472,-0.004779660519814375,-0.045085157190650205,0.018915477880546608,0.12776201118708838,0.10075517499470088,0.003175516296327184,-0.011900117232909506,0.0,-0.025243453103370145,0.016369443928954435,-0.03200000151991843,-0.0073455696994944655],[-0.07795211400722077,-0.05137811305115237,-0.05828916614208919,-0.021293880314478774,-0.03421508621277337,0.018087366012137493,-0.03266429395203092,0.007922042901208027,0.0965775662478916,0.06809799930983311,-0.03501335666227976,-0.01996785402297974,-0.025243453103370145,0.0,0.026850630105476544,-0.015758173461803443,0.012591679321946244],[-0.08351949834248892,-0.06257905971999328,-0.05141099744356929,-0.05050157908157222,-0.059521840089140216,0.04216617964995704,-0.03029632522126708,-0.015387553900109426,0.06554620677111629,0.0370666156569181,-0.03404932594889689,0.018231514498620503,0.016369443928954435,0.026850630105476544,0.0,-0.01190032014056945,-0.01996785402297974],[-0.055424212293750164,-0.0437573609004188,-0.04308878704133678,-0.023923901022579533,-0.0407845153399191,-0.00342312178887292,-0.06078884177213943,0.01685039899945368,0.12779664797131793,0.10143840394620376,0.003352189086005213,0.006604185672294912,-0.03200000151991843,-0.015758173461803443,-0.01190032014056945,0.0,-0.02541058788167388],[-0.061707043738812355,-0.0486276653066976,-0.035241868974268564,-0.04523490653880133,-0.050130687432020316,0.02108001926191552,-0.028655090047503013,0.006944714815014548,0.09657756609871848,0.06809799929106791,-0.035013379367904454,0.02684181198901203,-0.0073455696994944655,0.012591679321946244,-0.01996785402297974,-0.02541058788167388,0.0]]},"full_obbs":{"averages":[[0.0,-0.06970752993774451,0.013492431431055737,0.16849227311658627,0.21337843692872438,0.3029729267220178,0.30646128149138196,0.37846398779578033,0.4222946857542803,0.4735009554528711,0.457307603097988,0.49965239693449587,0.5152227740274102,0.5068679618015863,0.5000518746103101,0.5160084924235554,0.5073393566335523],[-0.06970752993774451,0.0,-0.000019999894439251542,0.1549798417910915,0.20101274138378006,0.30047328074024177,0.31539705497476034,0.41168828069984,0.46792478286234,0.5239078658337889,0.5102165163924811,0.5543100548965475,0.5739216941172717,0.5629733646079955,0.5550442507942154,0.575077167910527,0.5635852128772809],[0.013492431431055737,-0.000019999894439251542,0.0,0.00019982737302781645,0.04866674411912416,0.18265349784452395,0.20698518492097845,0.31974817778047987,0.3827419068394769,0.4422971684779439,0.4316989274027393,0.4785078756375226,0.5011945497002861,0.4881939391526641,0.47889834501573675,0.502309912643159,0.4885047588885069],[0.16849227311658627,0.1549798417910915,0.00019982737302781645,0.0,-0.10756484152316123,0.12806736871009414,0.14293684482139948,0.26209061096862163,0.3321532223596724,0.3949015129104162,0.38594108154402834,0.43456499329492615,0.45955263272860053,0.4450246401491193,0.4348303233485877,0.46026824668776106,0.445028926088858],[0.21337843692872438,0.20101274138378006,0.04866674411912416,-0.10756484152316123,0.0,0.0001192426493220709,0.020163483539932196,0.16895694893699262,0.25431982863678915,0.31984278958756135,0.3115091742934229,0.36037428993039916,0.3857518769901957,0.37097820713923113,0.3603239559253559,0.3863005654249806,0.37048528548507564],[0.3029729267220178,0.30047328074024177,0.18265349784452395,0.12806736871009414,0.0001192426493220709,0.0,-0.09842751029681011,0.10033284561528173,0.20482243035398137,0.2716306604432107,0.2627740926591234,0.31131576475352746,0.3381247101666666,0.322043769249406,0.3098442237569794,0.33702548285923106,0.32047191582275414],[0.30646128149138196,0.31539705497476034,0.20698518492097845,0.14293684482139948,0.020163483539932196,-0.09842751029681011,0.0,0.00032415158068338355,0.1014135997074521,0.16364057061044604,0.15566717267412178,0.20534550718802838,0.23889942836099418,0.21755198825119415,0.20432938203045245,0.2377829590318253,0.21625852749610813],[0.37846398779578033,0.41168828069984,0.31974817778047987,0.26209061096862163,0.16895694893699262,0.10033284561528173,0.00032415158068338355,0.0,-0.07975477027984279,0.022812939632366986,0.036885057502540446,0.09843203216919122,0.14690907720756521,0.11724965368421505,0.09873891908605957,0.1471745254049897,0.11739883857390765],[0.4222946857542803,0.46792478286234,0.3827419068394769,0.3321532223596724,0.25431982863678915,0.20482243035398137,0.1014135997074521,-0.07975477027984279,0.0,0.0004795166709879122,0.019479516059395942,0.07043249651426656,0.12927891531761487,0.0948514542332479,0.07066831296531856,0.1290782559589483,0.09488501015369152],[0.4735009554528711,0.5239078658337889,0.4422971684779439,0.3949015129104162,0.31984278958756135,0.2716306604432107,0.16364057061044604,0.022812939632366986,0.0004795166709879122,0.0,-0.009000001464936345,0.04195285377673629,0.10182596820363889,0.06637183028716714,0.042188672080530315,0.10074900992134657,0.06640538830843531],[0.457307603097988,0.5102165163924811,0.4316989274027393,0.38594108154402834,0.3115091742934229,0.2627740926591234,0.15566717267412178,0.036885057502540446,0.019479516059395942,-0.009000001464936345,0.0,-0.04336567351938723,-0.0008803098971454011,-0.036775616832333886,-0.04337380857420866,-0.0008144049550475432,-0.036742058811065674],[0.49965239693449587,0.5543100548965475,0.4785078756375226,0.43456499329492615,0.36037428993039916,0.31131576475352746,0.20534550718802838,0.09843203216919122,0.07043249651426656,0.04195285377673629,-0.04336567351938723,0.0,-0.013571679441428121,-0.019967854022979733,-0.007580954028870475,0.025644752151188808,-0.0013752795677965891],[0.5152227740274102,0.5739216941172717,0.5011945497002861,0.45955263272860053,0.3857518769901957,0.3381247101666666,0.23889942836099418,0.14690907720756521,0.12927891531761487,0.10182596820363889,-0.0008803098971454011,-0.013571679441428121,0.0,-0.019370092213563027,0.02510347457573229,0.03703358034224364,0.018410450498344413],[0.5068679618015863,0.5629733646079955,0.4881939391526641,0.4450246401491193,0.37097820713923113,0.322043769249406,0.21755198825119415,0.11724965368421505,0.0948514542332479,0.06637183028716714,-0.036775616832333886,-0.019967854022979733,-0.019370092213563027,0.0,-0.001743065820601018,0.018527153847565543,-0.006523360861185878],[0.5000518746103101,0.5550442507942154,0.47889834501573675,0.4348303233485877,0.3603239559253559,0.3098442237569794,0.20432938203045245,0.09873891908605957,0.07066831296531856,0.042188672080530315,-0.04337380857420866,-0.007580954028870475,0.02510347457573229,-0.001743065820601018,0.0,-0.013587986549493523,-0.019967854022979733],[0.5160084924235554,0.575077167910527,0.502309912643159,0.46026824668776106,0.3863005654249806,0.33702548285923106,0.2377829590318253,0.1471745254049897,0.1290782559589483,0.10074900992134657,-0.0008144049550475432,0.025644752151188808,0.03703358034224364,0.018527153847565543,-0.013587986549493523,0.0,-0.018840743704717243],[0.5073393566335523,0.5635852128772809,0.4885047588885069,0.445028926088858,0.37048528548507564,0.32047191582275414,0.21625852749610813,0.11739883857390765,0.09488501015369152,0.06640538830843531,-0.036742058811065674,-0.0013752795677965891,0.018410450498344413,-0.006523360861185878,-0.019967854022979733,-0.018840743704717243,0.0]],"maximums":[[0.0,-0.06970752993774412,0.01349243143105601,0.16849227311658865,0.2330211265935582,0.47213689094278477,0.5279638759612125,0.748444511126874,0.8788811712479643,0.9865223246609868,1.0045591811128647,1.071780735996827,1.1163641861399531,1.0863082571522444,1.0671109677560027,1.1184584313644774,1.0853871229821972],[-0.06970752993774412,0.0,-0.000019999894439251542,0.1549798417910934,0.21950863020335065,0.45866054901899944,0.5144516673741534,0.7349320798013786,0.8664759805744707,0.9741419799961258,0.9921556864110341,1.0587823934576004,1.1069902816358332,1.074650585462086,1.0548701815486832,1.106722875847475,1.0731017978293116],[0.01349243143105601,-0.000019999894439251542,0.0,0.00019982737302784437,0.06472871587661749,0.3038600221476662,0.3598039627653592,0.5801520653833134,0.7119595842330028,0.8192124058484319,0.8376161514363436,0.9037249392428252,0.9521525390452513,0.919403623732385,0.8996968571767464,0.9552069219367587,0.9179632291087705],[0.16849227311658865,0.1549798417910934,0.00019982737302784437,0.0,-0.09556028926608086,0.14369723569283457,0.20354657433022907,0.4210376329591488,0.5545531810294012,0.6641404254701602,0.6803785691893571,0.7512455677913802,0.8011630062037736,0.7770720390089695,0.7510310621061989,0.8129896312634862,0.7717974078249786],[0.2330211265935582,0.21950863020335065,0.06472871587661749,-0.09556028926608086,0.0,0.00011924264932229542,0.05901457657612734,0.27427559015423214,0.4100472122784166,0.529008017047611,0.5458218962453691,0.6144958781667804,0.6739927392100532,0.6359524233256577,0.6155849108860381,0.6818827403364434,0.6381812587439305],[0.47213689094278477,0.45866054901899944,0.3038600221476662,0.14369723569283457,0.00011924264932229542,0.0,-0.08518000042911096,0.13027949926066232,0.2669904540561689,0.3825535922722585,0.39783437224566504,0.4659417729275197,0.5237279014841518,0.4884625233619669,0.46826671554609584,0.5371093782705713,0.4904126466990355],[0.5279638759612125,0.5144516673741534,0.3598039627653592,0.20354657433022907,0.05901457657612734,-0.08518000042911096,0.0,0.00032415159073048705,0.1357305363568213,0.25191756147973293,0.26854108642094493,0.3423611148354968,0.4090206135909713,0.36132135471714794,0.3409400871003064,0.4036018010275333,0.3611605015870608],[0.748444511126874,0.7349320798013786,0.5801520653833134,0.4210376329591488,0.27427559015423214,0.13027949926066232,0.00032415159073048705,0.0,-0.07508926449605541,0.041097967579371605,0.05781318767258965,0.131541394528275,0.1982010248035525,0.150501674281333,0.13012040137981729,0.19278212573461767,0.15034077043495875],[0.8788811712479643,0.8664759805744707,0.7119595842330028,0.5545531810294012,0.4100472122784166,0.2669904540561689,0.1357305363568213,-0.07508926449605541,0.0,0.00047951709515221125,0.019479516059396223,0.07990250977667593,0.1366171678637754,0.09659087569513652,0.07989499238289138,0.13660014699213538,0.09659028921121254],[0.9865223246609868,0.9741419799961258,0.8192124058484319,0.6641404254701602,0.529008017047611,0.3825535922722585,0.25191756147973293,0.041097967579371605,0.00047951709515221125,0.0,-0.009000001464936104,0.051422825366537674,0.1081553299374932,0.06811121140951501,0.05141534815829784,0.10812062946780308,0.06811066697054322],[1.0045591811128647,0.9921556864110341,0.8376161514363436,0.6803785691893571,0.5458218962453691,0.39783437224566504,0.26854108642094493,0.05781318767258965,0.019479516059396223,-0.009000001464936104,0.0,-0.04198423918525878,0.007223989924787821,-0.03503623570998598,-0.04199695365153119,0.00698343763765095,-0.035036780148957704],[1.071780735996827,1.0587823934576004,0.9037249392428252,0.7512455677913802,0.6144958781667804,0.4659417729275197,0.3423611148354968,0.131541394528275,0.07990250977667593,0.051422825366537674,-0.04198423918525878,0.0,-0.011923244135620653,-0.019967854022979563,0.01667884410133037,0.05305359793118124,0.021284920699177222],[1.1163641861399531,1.1069902816358332,0.9521525390452513,0.8011630062037736,0.6739927392100532,0.5237279014841518,0.4090206135909713,0.1982010248035525,0.1366171678637754,0.1081553299374932,0.007223989924787821,-0.011923244135620653,0.0,0.0048596282073473775,0.05364256050166053,0.09041546256768818,0.05937836950279115],[1.0863082571522444,1.074650585462086,0.919403623732385,0.7770720390089695,0.6359524233256577,0.4884625233619669,0.36132135471714794,0.150501674281333,0.09659087569513652,0.06811121140951501,-0.03503623570998598,-0.019967854022979563,0.0048596282073473775,0.0,0.0222300561470056,0.06006173033493711,0.02612127315266225],[1.0671109677560027,1.0548701815486832,0.8996968571767464,0.7510310621061989,0.6155849108860381,0.46826671554609584,0.3409400871003064,0.13012040137981729,0.07989499238289138,0.05141534815829784,-0.04199695365153119,0.01667884410133037,0.05364256050166053,0.0222300561470056,0.0,-0.01192093249641479,-0.01996785402297952],[1.1184584313644774,1.106722875847475,0.9552069219367587,0.8129896312634862,0.6818827403364434,0.5371093782705713,0.4036018010275333,0.19278212573461767,0.13660014699213538,0.10812062946780308,0.00698343763765095,0.05305359793118124,0.09041546256768818,0.06006173033493711,-0.01192093249641479,0.0,0.007165730770465915],[1.0853871229821972,1.0731017978293116,0.9179632291087705,0.7717974078249786,0.6381812587439305,0.4904126466990355,0.3611605015870608,0.15034077043495875,0.09659028921121254,0.06811066697054322,-0.035036780148957704,0.021284920699177222,0.05937836950279115,0.02612127315266225,-0.01996785402297952,0.007165730770465915,0.0]],"minimums":[[0.0,-0.06970752993774415,0.013492431431055982,0.16849227311658854,0.14564584103251876,0.030726993727370453,-0.0764740602670278,-0.15813404769301662,-0.12991422502915298,-0.0887713106537219,-0.11234451570318096,-0.07784217303029795,-0.0821403753549485,-0.08140444001624178,-0.07963207826733883,-0.07840608210582142,-0.071069892468751],[-0.06970752993774415,0.0,-0.000019999894439251542,0.1549798417910933,0.1338296852522339,0.05681810610620166,-0.019823960890064298,-0.1057591784886285,-0.12795601266778145,-0.05963881066689117,-0.09196626164429364,-0.06608864654976868,-0.05458795803504821,-0.06894139068599447,-0.0670648574973969,-0.0689306840042051,-0.07067499786669923],[0.013492431431055982,-0.000019999894439251542,0.0,0.00019982737302778886,-0.003560894816255637,0.011445148429697377,-0.08705967965911943,-0.14068210809585546,-0.14169082827693846,-0.08987585671228769,-0.1066144295307136,-0.08188818012070694,-0.06403480026098136,-0.08901743595665801,-0.07011513977175649,-0.04824669133391857,-0.06217207614991975],[0.16849227311658854,0.1549798417910933,0.00019982737302778886,0.0,-0.11522655798197776,0.09514100411785975,0.02268667351320383,-0.10342205077637039,-0.09200537947194182,-0.06631825077578817,-0.09969561193990334,-0.05396777537576046,-0.05577271383728226,-0.05771065044185736,-0.05737680059105435,-0.022719690211577447,-0.04997655964743757],[0.14564584103251876,0.1338296852522339,-0.003560894816255637,-0.11522655798197776,0.0,0.0001192426493217403,-0.08398851483962498,-0.11211546379102688,-0.07603437805784172,-0.07062694920295123,-0.11895694933002182,-0.08366255117019505,-0.06243990187521682,-0.08154071908345348,-0.05073302420706673,-0.0866003858429896,-0.054642024841798954],[0.030726993727370453,0.05681810610620166,0.011445148429697377,0.09514100411785975,0.0001192426493217403,0.0,-0.10969162615919519,0.059885437253853105,0.11402528210483089,0.09022850395344408,0.0358445440307895,0.02777390931838536,-0.028731456067307197,0.009443944053297515,0.021797457877837018,-0.02709628081391783,0.013932382129356657],[-0.0764740602670278,-0.019823960890064298,-0.08705967965911943,0.02268667351320383,-0.08398851483962498,-0.10969162615919519,0.0,0.00032415158067276265,0.05271441502723534,0.02396748820445341,-0.02680913663833559,-0.042745556401403095,-0.06859617206850441,-0.056318176334731795,-0.04639732168625449,-0.0951195500271175,-0.05960278286085609],[-0.15813404769301662,-0.1057591784886285,-0.14068210809585546,-0.10342205077637039,-0.11211546379102688,0.059885437253853105,0.00032415158067276265,0.0,-0.08003359234437232,-0.02735590083447302,-0.02906122272153905,-0.023365753334848135,0.014194115879866964,-0.007297728430506536,-0.026823125819812423,0.015708980387928572,-0.005418184272033746],[-0.12991422502915298,-0.12795601266778145,-0.14169082827693846,-0.09200537947194182,-0.07603437805784172,0.11402528210483089,0.05271441502723534,-0.08003359234437232,0.0,0.0004795166703431844,0.01947951605939544,0.0630625510065286,0.11900557359723568,0.09411456270155272,0.06306139042670772,0.11862848710689872,0.09411460478584074],[-0.0887713106537219,-0.05963881066689117,-0.08987585671228769,-0.06631825077578817,-0.07062694920295123,0.09022850395344408,0.02396748820445341,-0.02735590083447302,0.0004795166703431844,0.0,-0.009000001464936715,0.03458281356794468,0.09052594078196136,0.06563498876041945,0.03458180303392477,0.0901488515172664,0.06563498783456347],[-0.11234451570318096,-0.09196626164429364,-0.1066144295307136,-0.09969561193990334,-0.11895694933002182,0.0358445440307895,-0.02680913663833559,-0.02906122272153905,0.01947951605939544,-0.009000001464936715,0.0,-0.04339999426156299,-0.012621506337539709,-0.0375124583590816,-0.043399994261563005,-0.012998595602234653,-0.03751245928493755],[-0.07784217303029795,-0.06608864654976868,-0.08188818012070694,-0.05396777537576046,-0.08366255117019505,0.02777390931838536,-0.042745556401403095,-0.023365753334848135,0.0630625510065286,0.03458281356794468,-0.04339999426156299,0.0,-0.014374061393787767,-0.01996785402297974,-0.011800000444054604,0.0012689795197217155,-0.012869071347634889],[-0.0821403753549485,-0.05458795803504821,-0.06403480026098136,-0.05577271383728226,-0.06243990187521682,-0.028731456067307197,-0.06859617206850441,0.014194115879866964,0.11900557359723568,0.09052594078196136,-0.012621506337539709,-0.014374061393787767,0.0,-0.030067854560911652,0.0018663082856487706,-0.03200000151991843,-0.01296204379549604],[-0.08140444001624178,-0.06894139068599447,-0.08901743595665801,-0.05771065044185736,-0.08154071908345348,0.009443944053297515,-0.056318176334731795,-0.007297728430506536,0.09411456270155272,0.06563498876041945,-0.0375124583590816,-0.01996785402297974,-0.030067854560911652,0.0,-0.012958448668775994,-0.013531860795488192,-0.02813570760190487],[-0.07963207826733883,-0.0670648574973969,-0.07011513977175649,-0.05737680059105435,-0.05073302420706673,0.021797457877837018,-0.04639732168625449,-0.026823125819812423,0.06306139042670772,0.03458180303392477,-0.043399994261563005,-0.011800000444054604,0.0018663082856487706,-0.012958448668775994,0.0,-0.01437406106656798,-0.01996785402297974],[-0.07840608210582142,-0.0689306840042051,-0.04824669133391857,-0.022719690211577447,-0.0866003858429896,-0.02709628081391783,-0.0951195500271175,0.015708980387928572,0.11862848710689872,0.0901488515172664,-0.012998595602234653,0.0012689795197217155,-0.03200000151991843,-0.013531860795488192,-0.01437406106656798,0.0,-0.030067854560911652],[-0.071069892468751,-0.07067499786669923,-0.06217207614991975,-0.04997655964743757,-0.054642024841798954,0.013932382129356657,-0.05960278286085609,-0.005418184272033746,0.09411460478584074,0.06563498783456347,-0.03751245928493755,-0.012869071347634889,-0.01296204379549604,-0.02813570760190487,-0.01996785402297974,-0.030067854560911652,0.0]]},"full_bounding_spheres":{"averages":[[0.0,-0.5913713668693084,-0.5437002622124815,-0.35687699474382334,-0.3844971449881438,-0.19800149467945102,-0.18476043586714644,-0.10332501396064515,-0.04027300030003358,0.04175255547775017,0.03163413613775031,0.06811550113020742,0.09207998753359796,0.08052163237212005,0.06914128226683706,0.09273360915626981,0.0810357085118039],[-0.5913713668693084,0.0,-0.21860061931051541,0.013196264007713714,-0.006540841922182582,0.199716444369131,0.2160614315678922,0.3021343839619664,0.3676875290571042,0.4510481342758265,0.44236325745413163,0.4794081441882668,0.504952086974342,0.49229838779780954,0.48020991286477477,0.5052929970951551,0.49274020498445553],[-0.5437002622124815,-0.21860061931051541,0.0,-0.030006918129736982,-0.04657752096670476,0.16892796847479633,0.1875424753391352,0.2792951562018994,0.3472216044685997,0.4322402535269482,0.42522258788021533,0.46283121437997976,0.4900471993937257,0.476235499083631,0.4635014278405453,0.4903121138744905,0.47663341332441483],[-0.35687699474382334,0.013196264007713714,-0.030006918129736982,0.0,-0.19732194211730014,0.044613323603119946,0.07085976600859113,0.18604178711983935,0.26280603498090294,0.3536399507509403,0.35142656396166133,0.3902317333025123,0.42140993981185126,0.4050720568117449,0.3911336121617491,0.4220704643397846,0.4055553378485558],[-0.3844971449881438,-0.006540841922182582,-0.04657752096670476,-0.19732194211730014,0.0,-0.05947425838376042,-0.0325161009469517,0.0956485354428179,0.17667843894148771,0.26854337339039624,0.2665318983708864,0.30567200908341685,0.3373469527914265,0.3205954610055627,0.30624174967596707,0.3376721329995435,0.3207523346114041],[-0.19800149467945102,0.199716444369131,0.16892796847479633,0.044613323603119946,-0.05947425838376042,0.0,-0.1657281832011862,0.031316925180628966,0.12228965772919213,0.219206216980152,0.21938061428997455,0.25916939940556627,0.29245413267148845,0.2744128588671321,0.2594586019607945,0.2922326509867419,0.274336116686911],[-0.18476043586714644,0.2160614315678922,0.1875424753391352,0.07085976600859113,-0.0325161009469517,-0.1657281832011862,0.0,-0.052985003048677544,0.03859847533769163,0.13760924757972837,0.14090851958042916,0.18144665344390914,0.21842544140354103,0.19797948604021884,0.1823632468701519,0.21892519121424875,0.19827488449309755],[-0.10332501396064515,0.3021343839619664,0.2792951562018994,0.18604178711983935,0.0956485354428179,0.031316925180628966,-0.052985003048677544,0.0,-0.16646846864212597,-0.057213630403686516,-0.026171902585656454,0.02133127888915468,0.07880193154219957,0.04552628130731905,0.02244082287771334,0.07953994645760692,0.04602330893272201],[-0.04027300030003358,0.3676875290571042,0.3472216044685997,0.26280603498090294,0.17667843894148771,0.12228965772919213,0.03859847533769163,-0.16646846864212597,0.0,-0.061322795809168475,-0.01808018768862961,0.032373772924690326,0.09370711018376998,0.05792597091041406,0.03214415847088758,0.0933568785254636,0.057699368022218596],[0.04175255547775017,0.4510481342758265,0.4322402535269482,0.3536399507509403,0.26854337339039624,0.219206216980152,0.13760924757972837,-0.057213630403686516,-0.061322795809168475,0.0,-0.04724951627845313,0.009596796712311563,0.06982482959118361,0.03253504058392666,0.006403741584877139,0.06786933445226473,0.030683857263751266],[0.03163413613775031,0.44236325745413163,0.42522258788021533,0.35142656396166133,0.2665318983708864,0.21938061428997455,0.14090851958042916,-0.026171902585656454,-0.01808018768862961,-0.04724951627845313,0.0,-0.07565119898439868,-0.029943944422640482,-0.06619978228703743,-0.07766787702049174,-0.03089004863455153,-0.0673316908749206],[0.06811550113020742,0.4794081441882668,0.46283121437997976,0.3902317333025123,0.30567200908341685,0.25916939940556627,0.18144665344390914,0.02133127888915468,0.032373772924690326,0.009596796712311563,-0.07565119898439868,0.0,-0.021733827585750345,-0.05462463755004538,-0.006807302130611928,0.016167133244035303,-0.009433093657995769],[0.09207998753359796,0.504952086974342,0.4900471993937257,0.42140993981185126,0.3373469527914265,0.29245413267148845,0.21842544140354103,0.07880193154219957,0.09370711018376998,0.06982482959118361,-0.029943944422640482,-0.021733827585750345,0.0,-0.03406805619825156,0.016341162003126058,0.00005116522797195902,-0.00047203789788674853],[0.08052163237212005,0.49229838779780954,0.476235499083631,0.4050720568117449,0.3205954610055627,0.2744128588671321,0.19797948604021884,0.04552628130731905,0.05792597091041406,0.03253504058392666,-0.06619978228703743,-0.05462463755004538,-0.03406805619825156,0.0,-0.009802263551810424,-0.0010379864068969572,-0.019986480836919437],[0.06914128226683706,0.48020991286477477,0.4635014278405453,0.3911336121617491,0.30624174967596707,0.2594586019607945,0.1823632468701519,0.02244082287771334,0.03214415847088758,0.006403741584877139,-0.07766787702049174,-0.006807302130611928,0.016341162003126058,-0.009802263551810424,0.0,-0.021628272847233374,-0.054852738627980166],[0.09273360915626981,0.5052929970951551,0.4903121138744905,0.4220704643397846,0.3376721329995435,0.2922326509867419,0.21892519121424875,0.07953994645760692,0.0933568785254636,0.06786933445226473,-0.03089004863455153,0.016167133244035303,0.00005116522797195902,-0.0010379864068969572,-0.021628272847233374,0.0,-0.03388633645112046],[0.0810357085118039,0.49274020498445553,0.47663341332441483,0.4055553378485558,0.3207523346114041,0.274336116686911,0.19827488449309755,0.04602330893272201,0.057699368022218596,0.030683857263751266,-0.0673316908749206,-0.009433093657995769,-0.00047203789788674853,-0.019986480836919437,-0.054852738627980166,-0.03388633645112046,0.0]],"maximums":[[0.0,-0.3534778342339173,-0.29683275792269587,-0.17720884382591162,-0.1595088115901745,0.07784322028530932,0.13895483399208697,0.3295432909558319,0.4218194548844033,0.5509139955435624,0.5994170464525377,0.6422504278396189,0.7053954482938906,0.6741858138357542,0.6502581358506013,0.7135867042938192,0.6779253853372293],[-0.3534778342339173,0.0,-0.21860061931051974,0.015079483655830894,0.029338039689735362,0.3049269927629812,0.37069791098270954,0.6027500209989934,0.7085758757215779,0.8528433859403011,0.8851231337675215,0.9338874946061986,1.002469221510933,0.9567085758853492,0.9495541099769187,0.99354332156191,0.9669902820058974],[-0.29683275792269587,-0.21860