(full_convex_hulls:(averages:[[0.0,0.0001998273730278162,0.06519999482944906,0.2142921245643365,0.2718138920553165,0.36294846468110853,0.43414774253506555,0.48597866059197825],[0.0001998273730278162,0.0,-0.06389421539985009,0.13895021057234283,0.1906140988680556,0.29478843937539256,0.3726247568311857,0.4274359660958199],[0.06519999482944906,-0.06389421539985009,0.0,0.00011925692462288973,0.061905280862498704,0.19762226064792926,0.29526645573123095,0.35423985013110393],[0.2142921245643365,0.13895021057234283,0.00011925692462288973,0.0,-0.052342601266306375,0.12454404889140241,0.24331667864260972,0.30494411637387064],[0.2718138920553165,0.1906140988680556,0.061905280862498704,-0.052342601266306375,0.0,0.0003241533400938405,0.11598599045812122,0.1789779922191942],[0.36294846468110853,0.29478843937539256,0.19762226064792926,0.12454404889140241,0.0003241533400938405,0.0,-0.030994269462872988,0.03744044706983019],[0.43414774253506555,0.3726247568311857,0.29526645573123095,0.24331667864260972,0.11598599045812122,-0.030994269462872988,0.0,0.000479520739694879],[0.48597866059197825,0.4274359660958199,0.35423985013110393,0.30494411637387064,0.1789779922191942,0.03744044706983019,0.000479520739694879,0.0]],maximums:[[0.0,0.00019982737302787212,0.07076168026928857,0.30403430757951183,0.3757070147316913,0.5813427611587321,0.7208155220679275,0.8335139760361208],[0.00019982737302787212,0.0,-0.06382841637732795,0.1439318859870583,0.21582358269495813,0.4227594445621139,0.5632305858804234,0.6774843702863739],[0.07076168026928857,-0.06382841637732795,0.0,0.00011926217214195275,0.07071346460054526,0.274910726287712,0.4154179245829902,0.5311614157494],[0.30403430757951183,0.1439318859870583,0.00011926217214195275,0.0,-0.05221985415355929,0.13136859018952501,0.27191276664769165,0.3887437517434442],[0.3757070147316913,0.21582358269495813,0.07071346460054526,-0.05221985415355929,0.0,0.00032415833361856827,0.13591208246445408,0.25288380280789813],[0.5813427611587321,0.4227594445621139,0.274910726287712,0.13136859018952501,0.00032415833361856827,0.0,-0.021537910670124744,0.04249814084502179],[0.7208155220679275,0.5632305858804234,0.4154179245829902,0.27191276664769165,0.13591208246445408,-0.021537910670124744,0.0,0.0004795285671174293],[0.8335139760361208,0.6774843702863739,0.5311614157494,0.3887437517434442,0.25288380280789813,0.04249814084502179,0.0004795285671174293,0.0]],minimums:[[0.0,0.0001998273730277611,0.028796379824995003,0.08816110403444904,-0.011606498183305464,-0.06994306570403623,-0.08208179043745349,-0.0589024811896682],[0.0001998273730277611,0.0,-0.06398320690119232,0.10091147038088023,0.05083299473455813,-0.08129336673964808,-0.0684623498635489,-0.07995866699880437],[0.028796379824995003,-0.06398320690119232,0.0,0.00011925623495082043,-0.04296271927971621,-0.06778004080893107,-0.04556676032990215,-0.04040659634615902],[0.08816110403444904,0.10091147038088023,0.00011925623495082043,0.0,-0.05250440344085987,0.07321964469638881,0.13384423369661066,0.1280341700053332],[-0.011606498183305464,0.05083299473455813,-0.04296271927971621,-0.05250440344085987,0.0,0.0003241527326670542,0.053675334440943405,0.04657872403423116],[-0.06994306570403623,-0.08129336673964808,-0.06778004080893107,0.07321964469638881,0.0003241527326670542,0.0,-0.06152049803653243,-0.008648529370010523],[-0.08208179043745349,-0.0684623498635489,-0.04556676032990215,0.13384423369661066,0.053675334440943405,-0.06152049803653243,0.0,0.0004795202701376039],[-0.0589024811896682,-0.07995866699880437,-0.04040659634615902,0.1280341700053332,0.04657872403423116,-0.008648529370010523,0.0004795202701376039,0.0]]),full_obbs:(averages:[[0.0,0.00019982737302781656,0.04846093187048378,0.18096200395800965,0.20448366175852542,0.3100751004359349,0.3691355986107299,0.4288038081237083],[0.00019982737302781656,0.0,-0.10767112275903727,0.12762248450132094,0.14106564898565044,0.2531664154962667,0.3196204304526705,0.3832398818332216],[0.04846093187048378,-0.10767112275903727,0.0,0.00011924264932207577,0.019679775996384194,0.16416119248553654,0.24661785475009876,0.3138730796962052],[0.18096200395800965,0.12762248450132094,0.00011924264932207577,0.0,-0.09815179518875124,0.10012114460700694,0.2037542270871344,0.27103447653902324],[0.20448366175852542,0.14106564898565044,0.019679775996384194,-0.09815179518875124,0.0,0.00032415158089192165,0.10136428910146816,0.16386223851720275],[0.3100751004359349,0.2531664154962667,0.16416119248553654,0.10012114460700694,0.00032415158089192165,0.0,-0.0797527285685355,0.0228777634662459],[0.3691355986107299,0.3196204304526705,0.24661785475009876,0.2037542270871344,0.10136428910146816,-0.0797527285685355,0.0,0.0004795166704697047],[0.4288038081237083,0.3832398818332216,0.3138730796962052,0.27103447653902324,0.16386223851720275,0.0228777634662459,0.0004795166704697047,0.0]],maximums:[[0.0,0.00019982737302784437,0.06480401305254682,0.30404720330894197,0.3648765800892463,0.5804371975975259,0.7071566514409958,0.8322141715833292],[0.00019982737302784437,0.0,-0.09548494550944484,0.14377732805607316,0.2046773249636016,0.42014821642806366,0.5473262267907384,0.6719251904138669],[0.06480401305254682,-0.09548494550944484,0.0,0.00011924264932237868,0.05883836874980598,0.27394457310073184,0.41066216440462555,0.5285752658753685],[0.30404720330894197,0.14377732805607316,0.00011924264932237868,0.0,-0.08513725214848379,0.13037935389286157,0.26669487631645455,0.38458633133086917],[0.3648765800892463,0.2046773249636016,0.05883836874980598,-0.08513725214848379,0.0,0.0003241517992739612,0.13579690460836735,0.25164536154138817],[0.5804371975975259,0.42014821642806366,0.27394457310073184,0.13037935389286157,0.0003241517992739612,0.0,-0.07502267852393994,0.040825514000864205],[0.7071566514409958,0.5473262267907384,0.41066216440462555,0.26669487631645455,0.13579690460836735,-0.07502267852393994,0.0,0.0004795167901151601],[0.8322141715833292,0.6719251904138669,0.5285752658753685,0.38458633133086917,0.25164536154138817,0.040825514000864205,0.0004795167901151601,0.0]],minimums:[[0.0,0.00019982737302778886,-0.004771517831752061,0.012149612559945747,-0.0588290442324807,-0.12428150025124526,-0.1191929709237371,-0.0746845732994451],[0.00019982737302778886,0.0,-0.115226858936199,0.09433054543484479,0.022487006729448426,-0.11140556730258902,-0.09879429041401967,-0.07416381942703631],[-0.004771517831752061,-0.115226858936199,0.0,0.00011924264932167092,-0.08243203942603071,-0.10225301164074717,-0.07585237389119992,-0.0655660978830965],[0.012149612559945747,0.09433054543484479,0.00011924264932167092,0.0,-0.10969162615919532,0.05988529236153694,0.11522659938892212,0.09290525042029758],[-0.0588290442324807,0.022487006729448426,-0.08243203942603071,-0.10969162615919532,0.0,0.0003241515806727349,0.05234598280402908,0.024105248146939137],[-0.12428150025124526,-0.11140556730258902,-0.10225301164074717,0.05988529236153694,0.0003241515806727349,0.0,-0.0800335923790711,-0.026912903471084826],[-0.1191929709237371,-0.09879429041401967,-0.07585237389119992,0.11522659938892212,0.05234598280402908,-0.0800335923790711,0.0,0.00047951667034310815],[-0.0746845732994451,-0.07416381942703631,-0.0655660978830965,0.09290525042029758,0.024105248146939137,-0.026912903471084826,0.00047951667034310815,0.0]]),full_bounding_spheres:(averages:[[0.0,-0.029975151961168494,-0.0469814708382504,0.16944869924726147,0.18402223408132548,0.2703605819196885,0.33669620843030024,0.42098154878639477],[-0.029975151961168494,0.0,-0.19734396747423938,0.04460677773659729,0.06941315329672555,0.17725381837859566,0.2535579485989266,0.3429376884714008],[-0.0469814708382504,-0.19734396747423938,0.0,-0.05943077255324774,-0.03359682993247683,0.08951606429871341,0.16918888971097132,0.2591410435891695],[0.16944869924726147,0.04460677773659729,-0.05943077255324774,0.0,-0.16538822799043304,0.03114064151776006,0.12109958052816594,0.21586701252007917],[0.18402223408132548,0.06941315329672555,-0.03359682993247683,-0.16538822799043304,0.0,-0.0527756685283183,0.037079419966173345,0.1342368204466467],[0.2703605819196885,0.17725381837859566,0.08951606429871341,0.03114064151776006,-0.0527756685283183,0.0,-0.16723791769206106,-0.0587361099213151],[0.33669620843030024,0.2535579485989266,0.16918888971097132,0.12109958052816594,0.037079419966173345,-0.16723791769206106,0.0,-0.06132796232619338],[0.42098154878639477,0.3429376884714008,0.2591410435891695,0.21586701252007917,0.1342368204466467,-0.0587361099213151,-0.06132796232619338,0.0]],maximums:[[0.0,-0.02914097778137406,-0.01662824054367068,0.26177010589751315,0.32786167599566557,0.5591733013147302,0.6655357834131881,0.8038473077178357],[-0.02914097778137406,0.0,-0.19517464876297508,0.050860196885017195,0.11763208633207994,0.34867538660172,0.4552095495285341,0.5948866512084849],[-0.01662824054367068,-0.19517464876297508,0.0,-0.04664065150832497,0.025127503481449043,0.25566294312696414,0.36092424911256965,0.500319820700695],[0.26177010589751315,0.050860196885017195,-0.04664065150832497,0.0,-0.15412956852367457,0.05710998200527928,0.16556791067913185,0.3066308241006215],[0.32786167599566557,0.11763208633207994,0.025127503481449043,-0.15412956852367457,0.0,-0.0427752645465293,0.06817688213195289,0.2122697396910157],[0.5591733013147302,0.34867538660172,0.25566294312696414,0.05710998200527928,-0.0427752645465293,0.0,-0.1523332217826015,-0.024819604194751044],[0.6655357834131881,0.4552095495285341,0.36092424911256965,0.16556791067913185,0.06817688213195289,-0.1523332217826015,0.0,-0.05930223959067582],[0.8038473077178357,0.5948866512084849,0.500319820700695,0.3066308241006215,0.2122697396910157,-0.024819604194751044,-0.05930223959067582,0.0]],minimums:[[0.0,-0.030826115844161672,-0.09563000714371536,-0.03369354650346576,-0.11708771930459894,-0.24316946994787428,-0.20978387003319868,-0.15928891437469178],[-0.030826115844161672,0.0,-0.20086440511290132,0.03562445188632024,-0.02169489923360768,-0.2313639605736003,-0.1831673683130573,-0.1456736710040125],[-0.09563000714371536,-0.20086440511290132,0.0,-0.07225189362674453,-0.14748154204148933,-0.27899795594928084,-0.19599118677172267,-0.17597793658156757],[-0.03369354650346576,0.03562445188632024,-0.07225189362674453,0.0,-0.184131261641102,-0.005036335825760574,0.055850138440889374,0.07374256738436039],[-0.11708771930459894,-0.02169489923360768,-0.14748154204148933,-0.184131261641102,0.0,-0.06293442087389112,-0.004199133794422549,0.008083465581293803],[-0.24316946994787428,-0.2313639605736003,-0.27899795594928084,-0.005036335825760574,-0.06293442087389112,0.0,-0.1877794502513303,-0.10777796954771293],[-0.20978387003319868,-0.1831673683130573,-0.19599118677172267,0.055850138440889374,-0.004199133794422549,-0.1877794502513303,0.0,-0.06330302754541925],[-0.15928891437469178,-0.1456736710040125,-0.17597793658156757,0.07374256738436039,0.008083465581293803,-0.10777796954771293,-0.06330302754541925,0.0]]),decomposition_convex_hulls:(averages:[[0.0,0.033003454096615314,0.006111750751734385,0.0,-0.0014800848364830048,0.047681155622006206,0.06280768942833076,0.06280768942833076,0.0791947646141055,0.18121651585366186,0.1126466440451712,0.06802951604000566,0.11851896400993844,0.16925695246968733,0.11572152979985524,0.21328044729961987,0.2436678967378003,0.2821037978864267,0.27316486396771195,0.2771094874084914,0.27589816235283954,0.36009688569144754,0.291215768032392,0.3296463585596646,0.3375463826016236,0.32694295411825247,0.3098027100398779,0.40322419302379586,0.45197758085445405,0.3756944587756364,0.3840034794031644,0.43660540820487176,0.4527131148299743,0.45357390349278215,0.4712792746230883,0.47773735447798565,0.46827039454837444,0.4665616187826664,0.5152978232223567,0.50620115272418,0.5013660508577672,0.5062108022712789,0.5011602816081164,0.5058422352437975,0.5010748081284384,0.5057651644751963,0.5008747032430718],[0.033003454096615314,0.0,0.0024447003379464145,0.0,0.14275724069028928,0.19191848114877713,0.20704501495510097,0.20704501495510097,0.22343209014087662,0.30256442252316884,0.24304712787201818,0.20630461149392393,0.25422825157357837,0.2942234114573764,0.2547614244605437,0.3258776332104084,0.3495493685540804,0.38460878697585255,0.3766054291710536,0.38207592618953884,0.3790086490504701,0.4521882122508682,0.3929816494750034,0.42428862869733386,0.4335472673232579,0.4227659747760572,0.40838629404780524,0.4919241772483931,0.5325190443033736,0.4658620625629504,0.4745211287322559,0.5209136263889174,0.5330060511573469,0.5342023374645798,0.5508887135340985,0.5543421347282794,0.5469164062508644,0.5441953162720281,0.5905699388815486,0.5819518677945795,0.576683898159314,0.5819706242463203,0.5764825486614021,0.5819091640555993,0.5766934958149144,0.581502815448871,0.5763301572163291],[0.006111750751734385,0.0024447003379464145,0.0,0.0,0.114702223796523,0.1642054400154925,0.18483029266431947,0.1796351592797381,0.19586203763568438,0.298539274581711,0.23792442080247686,0.19721663412360757,0.2450676986261,0.28869394965403156,0.24052651309015088,0.3250433778504697,0.3511882766977251,0.38749979347356456,0.3791462098105378,0.38390573158897473,0.381520566760215,0.4588450714732866,0.39632860161425393,0.4300096416789576,0.43903608791156284,0.4285794390063767,0.41306822060764525,0.49956442266012197,0.5432684808374836,0.4732366028528438,0.48164647491036816,0.5301943543977137,0.5437309069304994,0.5448920225405879,0.5618363465640943,0.5661396979122444,0.5580933197228849,0.5555594615626679,0.6028052865198027,0.5939946629726385,0.5888378937876646,0.5940380313777229,0.5887083625816087,0.5938596984723612,0.5887781481217016,0.593552545552787,0.5885173145109343],[0.0,0.0,0.0,0.0,0.10975378659367467,0.15891502705216218,0.174041560858486,0.174041560858486,0.19042863604426158,0.27461897477428265,0.2134413683244403,0.17435365156840243,0.22322095479187956,0.26544955130727965,0.22307809888042626,0.3002135558669719,0.3259048945765829,0.36261042605927213,0.35396015567340716,0.35928580914207237,0.3566803263444678,0.4337800331458107,0.37138639907600157,0.4049126001728804,0.41378979935853266,0.4030729717799076,0.3878497122425819,0.4745082037480039,0.5175424329238978,0.4480893352455349,0.45661555637607515,0.5048554580125435,0.5180519439321941,0.5191662869070319,0.5360786122065007,0.540344525115054,0.5323628755000032,0.5299018372758078,0.5770006610041536,0.5681855024943557,0.5630443710359475,0.5682330552345605,0.5628844156967414,0.5680772389787317,0.5630049084373474,0.5677245956758579,0.5626640413709725],[-0.0014800848364830048,0.14275724069028928,0.114702223796523,0.10975378659367467,0.0,0.0,0.015126533806324007,0.015126533806324007,0.03151360899209976,0.15057147861424405,0.08463289778545578,0.044784101505711556,0.08217312080675272,0.1377229829513538,0.07314408665847076,0.1842810662856638,0.21566702586843856,0.2531224073095411,0.24476316322194636,0.24764747061141484,0.24719014463880173,0.33438359041799975,0.26198996787369344,0.3026752294507247,0.31028542998269637,0.2998185078826419,0.281639468304239,0.37982862579441856,0.4332887044506355,0.3514009230757468,0.3595743274139053,0.41566005646033616,0.4338077061611314,0.4349994892611039,0.45317802409014785,0.4608106594737249,0.4505284363786021,0.44914041244107694,0.4988193059980572,0.48961408776201587,0.48486779721595064,0.48953375506915103,0.4846180976716872,0.48913430417608156,0.4845417939502862,0.4890692301337428,0.48429535033068],[0.047681155622006206,0.19191848114877713,0.1642054400154925,0.15891502705216218,0.0,0.0,0.0,0.0,0.016387075185775757,0.14287696066573444,0.08174726658838703,0.04918922463337346,0.0751309944702511,0.12978705594124598,0.06104108901632748,0.17711400334112598,0.20879180678222456,0.24547904900935585,0.23754598783709194,0.23976002366152074,0.23973146474547796,0.3285237765067648,0.2545023454061619,0.29609755635171486,0.30366553763266907,0.29340248995856705,0.2746408531275909,0.37510553031041066,0.4310539070215796,0.34626880768854645,0.3543956813914366,0.41210708733412293,0.43139576141336083,0.43265809687380763,0.45110330933092363,0.4593858204235897,0.44871312887515247,0.4475519269582881,0.4976105666738897,0.48834530501201595,0.4836648683020045,0.48827407445619586,0.4835135339828875,0.48775328864910195,0.48328184613695035,0.48785351867407023,0.48319744525154973],[0.06280768942833076,0.20704501495510097,0.18483029266431947,0.174041560858486,0.015126533806324007,0.0,0.0,0.0,0.0,0.10753312170968451,-0.0020429829089647178,-0.0009906043440372932,0.005185376888721504,0.0943519864195542,0.011499227541043266,0.14192201198599982,0.17364127190957854,0.20649690854274805,0.200958346947026,0.20152494181334385,0.201958140090442,0.2913703233215198,0.21500290530354385,0.258431326830224,0.265448925401655,0.2548986062725658,0.23555347407252322,0.34080933642199496,0.4012845222491471,0.3102178409259427,0.3189728262264681,0.3798833733321191,0.40122305677601494,0.4028286492537561,0.4216572164923705,0.43079178490756076,0.4195303149978168,0.41852398846143407,0.4690803909801843,0.45973027883462014,0.45498018586303773,0.4598398035192999,0.45499658535125614,0.45898345383640843,0.4544905395831058,0.4594463551862996,0.45464225414567483],[0.06280768942833076,0.20704501495510097,0.1796351592797381,0.174041560858486,0.015126533806324007,0.0,0.0,0.0,0.0,0.13510681875762254,0.07112755901673952,0.0557338993546855,0.06267356255506384,0.12193311516687097,0.04913103767877925,0.1694262292442127,0.20115520350546587,0.23682648677148016,0.2295101132939242,0.2312675942914416,0.23141312631854252,0.3201766117245605,0.24579250432626382,0.2877082806431873,0.2952154923200686,0.2849675079460204,0.26608846905606376,0.3673820213430959,0.4248356496949542,0.3381252858579599,0.3463641999916183,0.4050338074058027,0.42498182328401374,0.42638130734134544,0.4449328193366356,0.4535084311656606,0.44264883451726217,0.441545314152413,0.49173130681361793,0.4824798559474039,0.4778088370488506,0.4824000142541257,0.4776394780749719,0.4819123572060324,0.47743373472222445,0.48198078425119434,0.4773300957953168],[0.0791947646141055,0.22343209014087662,0.19586203763568438,0.19042863604426158,0.03151360899209976,0.016387075185775757,0.0,0.0,0.0,0.10629405241355229,0.05385582460413976,0.055733958226584154,0.028222125976226354,0.09311291712417812,0.010579953159783953,0.1406828647459213,0.17240212488521747,0.2036861350721474,0.19962974638339534,0.19981007799400136,0.19993920985074043,0.2888170270277096,0.21221111879659976,0.25614221081342503,0.26305725420936577,0.2525853273413169,0.23301685692920568,0.33806958158513045,0.3989732053970025,0.30764862951461236,0.3162218585235063,0.3773157261734091,0.39872946291418915,0.4004202283563482,0.4191972107765375,0.42835034748279865,0.41710387459033627,0.4160559386875595,0.4666883961225821,0.4574496461009155,0.45276216398394165,0.4573148134573145,0.4525803281272738,0.4567516525890158,0.45227141032937085,0.4568507955370051,0.4522200034728867],[0.18121651585366186,0.30256442252316884,0.298539274581711,0.27461897477428265,0.15057147861424405,0.14287696066573444,0.10753312170968451,0.13510681875762254,0.10629405241355229,0.0,0.030128277838230133,0.11561788652541435,0.0018830150365829468,0.0,0.013181135058403017,-0.0013886907665786035,0.030330575912286627,0.057912672563001574,0.05751856271913302,0.05751860665185254,0.057518595934806536,0.16988634126864857,0.06940972654014871,0.1253103028951188,0.12974423205511776,0.12012210336617958,0.09298741177198158,0.2438566841390814,0.3296810227940486,0.2014121135810936,0.21097676036760982,0.29856411863922666,0.32791633446835855,0.33089779133749253,0.3512435658800999,0.3630156388861558,0.35051095085745143,0.3490146709384127,0.4016231097346447,0.39263903990597454,0.38818361973365495,0.39246104778261476,0.38795176478483406,0.39201700002652873,0.3877482659703686,0.3921482325818313,0.3876502474669675],[0.1126466440451712,0.24304712787201818,0.23792442080247686,0.2134413683244403,0.08463289778545578,0.08174726658838703,-0.0020429829089647178,0.07112755901673952,0.05385582460413976,0.030128277838230133,0.0,0.0,0.0,0.028245262801647186,0.028245262801647186,0.045795691106248204,0.07312638985040064,0.1173057469569456,0.10411050797212905,0.10928003293791844,0.10894496033931203,0.21557567631741867,0.1318172081702285,0.17432179171418968,0.18310255613341522,0.17511548713185246,0.15265668792944337,0.280090636470071,0.35297995867896675,0.24209192678962577,0.2528412899949743,0.3262292533227139,0.35201544531983014,0.354412425858894,0.3741571586820023,0.38502305725475044,0.3726924636442184,0.3716324610936793,0.42365832015223764,0.4143420186868668,0.4097950517449277,0.4145341292356573,0.4098279518982284,0.41362729810895965,0.4093016964104272,0.41416799393036313,0.409482709982091],[0.06802951604000566,0.20630461149392393,0.19721663412360757,0.17435365156840243,0.044784101505711556,0.04918922463337346,-0.0009906043440372932,0.0557338993546855,0.055733958226584154,0.11561788652541435,0.0,0.0,0.007763880732645656,0.10244721528308882,0.033684438645640864,0.14900611876626468,0.18030779121114235,0.21725361322886244,0.20993011926472863,0.2126038983563084,0.21221659435107762,0.2992098228091346,0.2260631169023523,0.2671374017997661,0.2743379067439722,0.26345600286023346,0.24551859665553902,0.3489735840771147,0.40842336697801895,0.31756833104215143,0.3269681915703941,0.387073623264503,0.40845147279511346,0.4098828866792209,0.4287374294907862,0.4380382705579724,0.42651124997495266,0.425517845994882,0.47635822927334837,0.46696040323437155,0.46222000907910543,0.4672628066636632,0.4623727681592856,0.4662104259356393,0.46177103792295715,0.46681602283327356,0.46201476869480146],[0.11851896400993844,0.25422825157357837,0.2450676986261,0.22322095479187956,0.08217312080675272,0.0751309944702511,0.005185376888721504,0.06267356255506384,0.028222125976226354,0.0018830150365829468,0.0,0.007763880732645656,0.0,0.00000000000000000001387778780781445,0.00000000000000000006938893903907229,0.03447843947709205,0.066307320771259,0.10810981660923895,0.09615836859075651,0.09933580202249175,0.10013655370403464,0.2098757451107542,0.12198318092945923,0.16774650980788744,0.17572953149549037,0.16754363527332172,0.14378972569885873,0.2750362523822419,0.35072094561561845,0.23701728549746806,0.2471976812067388,0.322680664620807,0.3493682318708388,0.35224073364314384,0.37221262450840886,0.3832466485742419,0.3709181029507329,0.3698039476026894,0.42193039375390806,0.41265800174865463,0.40813304520524135,0.4127690326584339,0.40813669599314883,0.41189577527890714,0.4076136164941798,0.41242638969261636,0.4077630733541508],[0.16925695246968733,0.2942234114573764,0.28869394965403156,0.26544955130727965,0.1377229829513538,0.12978705594124598,0.0943519864195542,0.12193311516687097,0.09311291712417812,0.0,0.028245262801647186,0.10244721528308882,0.00000000000000000001387778780781445,0.0,0.0,0.03438863965651061,0.06610790658564289,0.09350997805570184,0.09329589373826958,0.09329593740674601,0.09329592671956673,0.1933635550767157,0.10176201673528891,0.15325945629358798,0.15855230269444076,0.14791010887426195,0.12392490297493525,0.2635448070767903,0.34580842329616324,0.22164158253180102,0.23202497624555005,0.3152135002921176,0.343875684326924,0.3471445151531696,0.3673270408968,0.3788059011663846,0.366366243018501,0.3648552765427452,0.41739984397350643,0.40839117965407395,0.4039307352685853,0.4082356037937084,0.4037075587288354,0.40777096835952603,0.4034960937031652,0.4079123796914461,0.4034086113523611],[0.11572152979985524,0.2547614244605437,0.24052651309015088,0.22307809888042626,0.07314408665847076,0.06104108901632748,0.011499227541043266,0.04913103767877925,0.010579953159783953,0.013181135058403017,0.028245262801647186,0.033684438645640864,0.00000000000000000006938893903907229,0.0,0.0,0.04756977491631881,0.07928904182460048,0.10659851087310396,0.10647702893058446,0.10647707229810309,0.1064770615545337,0.20141324087799103,0.11341040147719489,0.16329757464010525,0.16893773572710333,0.1575968182175884,0.13489129741461062,0.2666868752062076,0.342605837316359,0.22783858087607792,0.23835573408273908,0.3137688644136991,0.34083237739342165,0.3440242295293145,0.36394825969011085,0.37509457902744736,0.36273312249258277,0.36151539340333616,0.41361899447663575,0.4045185016762459,0.39998136724384437,0.4044161878172188,0.3998503531912688,0.4038100561282059,0.39951185279566875,0.40405815792969835,0.39949545083255394],[0.21328044729961987,0.3258776332104084,0.3250433778504697,0.3002135558669719,0.1842810662856638,0.17711400334112598,0.14192201198599982,0.1694262292442127,0.1406828647459213,-0.0013886907665786035,0.045795691106248204,0.14900611876626468,0.03447843947709205,0.03438863965651061,0.04756977491631881,0.0,0.0,0.028640684437317755,0.02718794345855713,0.02718794345855713,0.02718794345855713,0.15271354555426248,0.04882035017981734,0.10253467636050498,0.10815783117828327,0.102332829635006,0.07304821082279858,0.23002563694730818,0.3201323853650872,0.18769584691512528,0.19597938120733477,0.2882549243636434,0.31836475287675353,0.32124347445672935,0.3416952187682237,0.3537055232400064,0.34118922224550663,0.33965578502022387,0.39222218618522003,0.38329713993869613,0.3788666504801268,0.38310309330441167,0.3786129477968825,0.38271011180474773,0.37844767828302495,0.38281846846785,0.3783233483394133],[0.2436678967378003,0.3495493685540804,0.3511882766977251,0.3259048945765829,0.21566702586843856,0.20879180678222456,0.17364127190957854,0.20115520350546587,0.17240212488521747,0.030330575912286627,0.07312638985040064,0.18030779121114235,0.066307320771259,0.06610790658564289,0.07928904182460048,0.0,0.0,0.011793311201100788,-0.0000000000000000000000000000000000042234919435499076,0.00000000000000000005551115123125783,0.0000000000000000000000000000000000031654465448531954,0.13602639707490136,0.04727931299564495,0.07982533520953602,0.0922478138672261,0.09602909303739744,0.0686622653755708,0.2157528746433602,0.30904128346430726,0.173729702547757,0.18113801183726871,0.27693969732455753,0.3076026225193904,0.3100189458090144,0.3307398740672335,0.34300037861738225,0.3304342228597646,0.3289946367860102,0.38156819347387216,0.3726549910531522,0.3682720883554403,0.3724361112865913,0.3679845802717744,0.37208349618016234,0.36786482377127955,0.3721697095658403,0.36771982212097243],[0.2821037978864267,0.38460878697585255,0.38749979347356456,0.36261042605927213,0.2531224073095411,0.24547904900935585,0.20649690854274805,0.23682648677148016,0.2036861350721474,0.057912672563001574,0.1173057469569456,0.21725361322886244,0.10810981660923895,0.09350997805570184,0.10659851087310396,0.028640684437317755,0.011793311201100788,0.0,0.015074329812167166,-0.00000000000000000021510571102112408,0.02378944819793105,0.08995450681331349,-0.0009784237379072713,0.025704820199232474,0.02390927116411857,0.01241323295716091,-0.0009783474771615952,0.17219284067475482,0.2679880740629031,0.12995985601933735,0.13730570404282005,0.23680591362785808,0.2678286342829159,0.2687904433879327,0.2898452880755744,0.30275501150542466,0.2897235544539277,0.2884212343346705,0.341645468092587,0.33265696016997914,0.32834531216525836,0.33242702069732616,0.3281015582780003,0.331841103098446,0.3278254191161341,0.33228023207958,0.32790502461940635],[0.27316486396771195,0.3766054291710536,0.3791462098105378,0.35396015567340716,0.24476316322194636,0.23754598783709194,0.200958346947026,0.2295101132939242,0.19962974638339534,0.05751856271913302,0.10411050797212905,0.20993011926472863,0.09615836859075651,0.09329589373826958,0.10647702893058446,0.02718794345855713,-0.0000000000000000000000000000000000042234919435499076,0.015074329812167166,0.0,-0.000000000000000000005204170427930423,-0.00000000000000000011188966420050406,0.13715190520037612,0.05490466183799107,0.07328536941247782,0.0938847557098204,0.10138112403227811,0.07571172601772404,0.21571439007831453,0.3113712202711818,0.17548460531034935,0.1816346730520558,0.27894438475826233,0.3097848291068538,0.3124052413583156,0.33318771132856434,0.34515397501900436,0.3329775871919676,0.33153807895777276,0.383575566381133,0.3748074145449187,0.37030527246361844,0.3744442722003726,0.36997226040585085,0.37402962622468394,0.3698008595209595,0.3742191853199013,0.36971391840122575],[0.2771094874084914,0.38207592618953884,0.38390573158897473,0.35928580914207237,0.24764747061141484,0.23976002366152074,0.20152494181334385,0.2312675942914416,0.19981007799400136,0.05751860665185254,0.10928003293791844,0.2126038983563084,0.09933580202249175,0.09329593740674601,0.10647707229810309,0.02718794345855713,0.00000000000000000005551115123125783,-0.00000000000000000021510571102112408,-0.000000000000000000005204170427930423,0.0,-0.00000000000000000012143064331837646,0.08947456594002308,0.04999896298349498,0.025716098503470244,0.03696661956107301,0.05522943379023278,0.049999038711171714,0.1702741960061643,0.26736755010686825,0.12930356163398612,0.1356233251431984,0.23600791229546783,0.2671343594305493,0.2681861390142974,0.28904680376971603,0.30206416511346784,0.2889990926231952,0.2877442261508396,0.341127143024182,0.33202683729032034,0.32783195499765944,0.33180466903323835,0.3275880852616095,0.3313298892905536,0.32737546814480034,0.33163817272815016,0.32737968167421533],[0.27589816235283954,0.3790086490504701,0.381520566760215,0.3566803263444678,0.24719014463880173,0.23973146474547796,0.201958140090442,0.23141312631854252,0.19993920985074043,0.057518595934806536,0.10894496033931203,0.21221659435107762,0.10013655370403464,0.09329592671956673,0.1064770615545337,0.02718794345855713,0.0000000000000000000000000000000000031654465448531954,0.02378944819793105,-0.00000000000000000011188966420050406,-0.00000000000000000012143064331837646,0.0,0.08940395332138136,0.073788411619215,0.026692158836032927,0.05587051882434304,0.07771043752060464,0.07378848799223499,0.17110523157460542,0.26762416711992837,0.12949269949238826,0.1362113720260659,0.2365255337639714,0.2676370104361447,0.26841311407481305,0.28957277520673763,0.3024844251373614,0.2895298781099573,0.2883577347517309,0.34149861336731113,0.3324698516805684,0.3282366673847601,0.33217999726753894,0.3279460377643236,0.33185046254125317,0.3278279027019482,0.33204219306435484,0.3277594368642708],[0.36009688569144754,0.4521882122508682,0.4588450714732866,0.4337800331458107,0.33438359041799975,0.3285237765067648,0.2913703233215198,0.3201766117245605,0.2888170270277096,0.16988634126864857,0.21557567631741867,0.2992098228091346,0.2098757451107542,0.1933635550767157,0.20141324087799103,0.15271354555426248,0.13602639707490136,0.08995450681331349,0.13715190520037612,0.08947456594002308,0.08940395332138136,0.0,0.10988048022681716,0.0,0.00000000000000000034755462624558247,0.023887677939032827,0.07913857969206961,0.026841030959070367,0.13457174668090624,-0.0013387668644487167,-0.001338704110883693,0.09873808736284972,0.1304241636863616,0.13421867895180167,0.15309112168331826,0.16529463936687813,0.15324790666895008,0.15142813148939868,0.20398177956519492,0.19477798243670422,0.1907950972138094,0.19435742415722973,0.1904329003882791,0.19396170054384038,0.1902559703200099,0.1942286842003997,0.1902041107746519],[0.291215768032392,0.3929816494750034,0.39632860161425393,0.37138639907600157,0.26198996787369344,0.2545023454061619,0.21500290530354385,0.24579250432626382,0.21221111879659976,0.06940972654014871,0.1318172081702285,0.2260631169023523,0.12198318092945923,0.10176201673528891,0.11341040147719489,0.04882035017981734,0.04727931299564495,-0.0009784237379072713,0.05490466183799107,0.04999896298349498,0.073788411619215,0.10988048022681716,0.0,0.036582989213150875,0.01919733488122801,0.030030976980924606,-0.00000000000000000020816681711721684,0.1917250816433877,0.2877365407693638,0.14962508257826765,0.15678798385619191,0.25615569752762724,0.2871912839951546,0.28835951818298217,0.30890730931671495,0.3212921016230526,0.30865919196801705,0.30714670678579514,0.35946993714730924,0.35079467522790064,0.3463029369206544,0.35059678459150795,0.34606972737122726,0.3499166018234532,0.3457747301803996,0.3505738441161769,0.3459195917775094],[0.3296463585596646,0.42428862869733386,0.4300096416789576,0.4049126001728804,0.3026752294507247,0.29609755635171486,0.258431326830224,0.2877082806431873,0.25614221081342503,0.1253103028951188,0.17432179171418968,0.2671374017997661,0.16774650980788744,0.15325945629358798,0.16329757464010525,0.10253467636050498,0.07982533520953602,0.025704820199232474,0.07328536941247782,0.025716098503470244,0.026692158836032927,0.0,0.036582989213150875,0.0,0.00000000000000000013877787807814457,0.02502581849694252,0.02502581849694252,0.0685478226762943,0.17628143775051627,0.040370924597112244,0.04037098733634488,0.14021751875455862,0.17188684887863864,0.17592836998132244,0.19479018316321617,0.20612918089121882,0.19492250462077623,0.1928271527725427,0.24364658735487887,0.23503116594164017,0.23066881132945874,0.23456049774821391,0.23025534789477622,0.2341938810435513,0.2301198833888329,0.234477612717562,0.23006285042348937],[0.3375463826016236,0.4335472673232579,0.43903608791156284,0.41378979935853266,0.31028542998269637,0.30366553763266907,0.265448925401655,0.2952154923200686,0.26305725420936577,0.12974423205511776,0.18310255613341522,0.2743379067439722,0.17572953149549037,0.15855230269444076,0.16893773572710333,0.10815783117828327,0.0922478138672261,0.02390927116411857,0.0938847557098204,0.03696661956107301,0.05587051882434304,0.00000000000000000034755462624558247,0.01919733488122801,0.00000000000000000013877787807814457,0.0,0.00000000000000000000000000000000001483364441487895,0.000000000000000000013877787807814457,0.08718854447672766,0.1791601495662689,0.04078714332394819,0.051646149002851235,0.15198657596090262,0.18271108095301167,0.17924329965405986,0.20074834762769528,0.21610376508333853,0.2011182970182448,0.20131331261665708,0.25741871694591517,0.24741742007723758,0.24382529404098144,0.24712929077067805,0.24348210763110079,0.24650255051344128,0.2432741092494508,0.24702772878535548,0.24328461848079935],[0.32694295411825247,0.4227659747760572,0.4285794390063767,0.4030729717799076,0.2998185078826419,0.29340248995856705,0.2548986062725658,0.2849675079460204,0.2525853273413169,0.12012210336617958,0.17511548713185246,0.26345600286023346,0.16754363527332172,0.14791010887426195,0.1575968182175884,0.102332829635006,0.09602909303739744,0.01241323295716091,0.10138112403227811,0.05522943379023278,0.07771043752060464,0.023887677939032827,0.030030976980924606,0.02502581849694252,0.00000000000000000000000000000000001483364441487895,0.0,0.00000000000000000013183898417423734,0.10141798739777329,0.18589296400591054,0.049945440041570435,0.06536476754170821,0.15967197040118006,0.18963613105072363,0.18612239773725306,0.2075431492330951,0.22319426288080205,0.20760942225798712,0.2079912111760112,0.26459939560021034,0.25451297333045775,0.25088536079828916,0.25430714933568827,0.25055098846687274,0.25357902398133675,0.2503301800891031,0.25420036971632437,0.25038030326005856],[0.3098027100398779,0.40838629404780524,0.41306822060764525,0.3878497122425819,0.281639468304239,0.2746408531275909,0.23555347407252322,0.26608846905606376,0.23301685692920568,0.09298741177198158,0.15265668792944337,0.24551859665553902,0.14378972569885873,0.12392490297493525,0.13489129741461062,0.07304821082279858,0.0686622653755708,-0.0009783474771615952,0.07571172601772404,0.049999038711171714,0.07378848799223499,0.07913857969206961,-0.00000000000000000020816681711721684,0.02502581849694252,0.000000000000000000013877787807814457,0.00000000000000000013183898417423734,0.0,0.16071125458402755,0.2565937743444819,0.1183530316748145,0.12550772603955346,0.22486744418443178,0.25586876401875824,0.2571531981586941,0.2775565658682154,0.2897902386257091,0.2772616161713338,0.27574797608113216,0.32797895632563956,0.31928489643348285,0.31480914091595025,0.3190357600886357,0.314525744530701,0.3183765576146913,0.31426421047366754,0.3190134602883707,0.31437956219470065],[0.40322419302379586,0.4919241772483931,0.49956442266012197,0.4745082037480039,0.37982862579441856,0.37510553031041066,0.34080933642199496,0.3673820213430959,0.33806958158513045,0.2438566841390814,0.280090636470071,0.3489735840771147,0.2750362523822419,0.2635448070767903,0.2666868752062076,0.23002563694730818,0.2157528746433602,0.17219284067475482,0.21571439007831453,0.1702741960061643,0.17110523157460542,0.026841030959070367,0.1917250816433877,0.0685478226762943,0.08718854447672766,0.10141798739777329,0.16071125458402755,0.0,0.03646377474069595,0.018231887370347977,-0.000000000000000000000000000000000007384114862367419,0.0,0.031491443514823914,0.06183102163447231,0.08033605513779228,0.08916356522736041,0.07261392218057872,0.07298558075661501,0.13751839278905245,0.12384450613819908,0.12209081347254315,0.12397760469789378,0.12216834165077928,0.12332339644208358,0.12161932304756666,0.1229355147095796,0.12147976808181724],[0.45197758085445405,0.5325190443033736,0.5432684808374836,0.5175424329238978,0.4332887044506355,0.4310539070215796,0.4012845222491471,0.4248356496949542,0.3989732053970025,0.3296810227940486,0.35297995867896675,0.40842336697801895,0.35072094561561845,0.34580842329616324,0.342605837316359,0.3201323853650872,0.30904128346430726,0.2679880740629031,0.3113712202711818,0.26736755010686825,0.26762416711992837,0.13457174668090624,0.2877365407693638,0.17628143775051627,0.1791601495662689,0.18589296400591054,0.2565937743444819,0.03646377474069595,0.0,0.06961265206336975,0.05635309964418411,0.007031938256239394,0.000000000000000000013877787807814457,-0.00010225852803017339,-0.0012910058509076597,0.012358281945582193,-0.0021051513430150196,0.0190069106860586,0.07206665180820142,0.05576665010260881,0.05518840943692845,0.055849540614327176,0.055508271146815724,0.05480483979670274,0.054779696356173996,0.05546361640601707,0.05503872772461862],[0.3756944587756364,0.4658620625629504,0.4732366028528438,0.4480893352455349,0.3514009230757468,0.34626880768854645,0.3102178409259427,0.3381252858579599,0.30764862951461236,0.2014121135810936,0.24209192678962577,0.31756833104215143,0.23701728549746806,0.22164158253180102,0.22783858087607792,0.18769584691512528,0.173729702547757,0.12995985601933735,0.17548460531034935,0.12930356163398612,0.12949269949238826,-0.0013387668644487167,0.14962508257826765,0.040370924597112244,0.04078714332394819,0.049945440041570435,0.1183530316748145,0.018231887370347977,0.06961265206336975,0.0,0.000000000000000000003469446951953638,0.04459725679710454,0.07264447425430993,0.07261426171532935,0.09531401272585668,0.1091906452614265,0.09371021400867016,0.09354398551428615,0.1538923332187767,0.14237521204938894,0.13953884765961133,0.1421391566642965,0.13937142559675336,0.1416127832779565,0.13900352557679546,0.14177616178198946,0.13894966914436016],[0.3840034794031644,0.4745211287322559,0.48164647491036816,0.45661555637607515,0.3595743274139053,0.3543956813914366,0.3189728262264681,0.3463641999916183,0.3162218585235063,0.21097676036760982,0.2528412899949743,0.3269681915703941,0.2471976812067388,0.23202497624555005,0.23835573408273908,0.19597938120733477,0.18113801183726871,0.13730570404282005,0.1816346730520558,0.1356233251431984,0.1362113720260659,-0.001338704110883693,0.15678798385619191,0.04037098733634488,0.051646149002851235,0.06536476754170821,0.12550772603955346,-0.000000000000000000000000000000000007384114862367419,0.05635309964418411,0.000000000000000000003469446951953638,0.0,0.02302594497649554,0.053502338030917,0.06765173690480468,0.08864477074750776,0.10114676199829967,0.08436907016445876,0.08496285217916319,0.14737092335662547,0.13501237262919255,0.1325849297230086,0.13496510791828353,0.13250049952364207,0.1343672694970451,0.13206713016311716,0.13432516060428576,0.13197635313099837],[0.43660540820487176,0.5209136263889174,0.5301943543977137,0.5048554580125435,0.41566005646033616,0.41210708733412293,0.3798833733321191,0.4050338074058027,0.3773157261734091,0.29856411863922666,0.3262292533227139,0.387073623264503,0.322680664620807,0.3152135002921176,0.3137688644136991,0.2882549243636434,0.27693969732455753,0.23680591362785808,0.27894438475826233,0.23600791229546783,0.2365255337639714,0.09873808736284972,0.25615569752762724,0.14021751875455862,0.15198657596090262,0.15967197040118006,0.22486744418443178,0.0,0.007031938256239394,0.04459725679710454