{"full_convex_hulls":{"averages":[[0.0,-0.09253966805599224,-0.03143039940418208,0.12362126857252288,-0.07811818442503998,-0.03107937343203012,0.12500200993025068,-0.11593513813326482,-0.03089054392588319,0.17896967442741654,-0.11555996263931431,-0.03087944800429652,0.17373395737977823],[-0.09253966805599224,0.0,-0.006345337366734542,0.216158050257503,0.03764513922356504,0.10479252730943132,0.29026759630097615,0.4996398988962058,0.512645568941076,0.63513628563501,0.5059171375101273,0.5376159686955321,0.6645818239474959],[-0.03143039940418208,-0.006345337366734542,0.0,-0.04810264067512624,0.1152015365485409,0.17045898074721297,0.3195420311556475,0.4066357015291536,0.41488615059999856,0.5336149032705939,0.44348560366221557,0.49562585992237523,0.626993256720957],[0.12362126857252288,0.216158050257503,-0.04810264067512624,0.0,0.2995729831395016,0.3225873372578463,0.4264902171602187,0.39736437420326715,0.3951764619174834,0.5299775424355432,0.4535260069253827,0.5047331891361971,0.6386803146017308],[-0.07811818442503998,0.03764513922356504,0.1152015365485409,0.2995729831395016,0.0,-0.019314211005231705,0.2107993805622994,0.5088714664006097,0.5440495244235937,0.6771243275135503,0.4996398988962058,0.5096347311639979,0.6239126663326275],[-0.03107937343203012,0.10479252730943132,0.17045898074721297,0.3225873372578463,-0.019314211005231705,0.0,-0.04810020688428416,0.4506956186483213,0.5002868609799141,0.6373631004826712,0.41107575410306507,0.4169752144843334,0.5288735270909932],[0.12500200993025068,0.29026759630097615,0.3195420311556475,0.4264902171602187,0.2107993805622994,-0.04810020688428416,0.0,0.46882137472920177,0.5148755162543743,0.6538987284397846,0.41237694151219845,0.40421971763720627,0.5307374500170077],[-0.11593513813326482,0.4996398988962058,0.4066357015291536,0.39736437420326715,0.5088714664006097,0.4506956186483213,0.46882137472920177,0.0,-0.006346090048005401,0.21802886118158868,0.03763230610903329,0.10472662159717534,0.29538654430433653],[-0.03089054392588319,0.512645568941076,0.41488615059999856,0.3951764619174834,0.5440495244235937,0.5002868609799141,0.5148755162543743,-0.006346090048005401,0.0,-0.048102578116743074,0.11514216362295061,0.17031177425416974,0.32552083167636386],[0.17896967442741654,0.63513628563501,0.5336149032705939,0.5299775424355432,0.6771243275135503,0.6373631004826712,0.6538987284397846,0.21802886118158868,-0.048102578116743074,0.0,0.3015083209438831,0.3232364307037673,0.432049412803266],[-0.11555996263931431,0.5059171375101273,0.44348560366221557,0.4535260069253827,0.4996398988962058,0.41107575410306507,0.41237694151219845,0.03763230610903329,0.11514216362295061,0.3015083209438831,0.0,-0.019314732250994445,0.21195428292072707],[-0.03087944800429652,0.5376159686955321,0.49562585992237523,0.5047331891361971,0.5096347311639979,0.4169752144843334,0.40421971763720627,0.10472662159717534,0.17031177425416974,0.3232364307037673,-0.019314732250994445,0.0,-0.048100210524081845],[0.17373395737977823,0.6645818239474959,0.626993256720957,0.6386803146017308,0.6239126663326275,0.5288735270909932,0.5307374500170077,0.29538654430433653,0.32552083167636386,0.432049412803266,0.21195428292072707,-0.048100210524081845,0.0]],"maximums":[[0.0,-0.0866790416630289,-0.02388810133813429,0.2912791088938069,-0.07178450611356219,-0.02390412673990591,0.28789189918114977,-0.11255431429595797,-0.024682430629351906,0.2869682230548427,-0.11155611203365598,-0.024681482873131984,0.2952484176485322],[-0.0866790416630289,0.0,-0.006318816747676897,0.26299717921386834,0.047412671809162275,0.12275811069670438,0.42598348281796233,0.4996398988962174,0.5241640368887376,0.9371216136274817,0.5067699622220055,0.5515420009277668,0.9591514928696622],[-0.02388810133813429,-0.006318816747676897,0.0,-0.048065897925980816,0.1358839592785317,0.20985852944394,0.4957677641520603,0.5001330882906196,0.5252582177405734,0.9346425269369758,0.5260301926047565,0.5812581061463783,0.9782388563458569],[0.2912791088938069,0.26299717921386834,-0.048065897925980816,0.0,0.44323289274534833,0.5020078098145744,0.7674272887439925,0.8675998729874307,0.8915763993433407,1.2473528991283989,0.9011725975990258,0.9537231885494482,1.3307790175810614],[-0.07178450611356219,0.047412671809162275,0.1358839592785317,0.44323289274534833,0.0,-0.019282478883951366,0.2571155860110106,0.5093166873207392,0.556473243664262,0.963019468338381,0.4996398988962174,0.524126349124271,0.9360926620299341],[-0.02390412673990591,0.12275811069670438,0.20985852944394,0.5020078098145744,-0.019282478883951366,0.0,-0.04804506725231927,0.5260758427648807,0.5815356057650424,0.9801243030001869,0.5001217098748802,0.525498681263723,0.9316861611855694],[0.28789189918114977,0.42598348281796233,0.4957677641520603,0.7674272887439925,0.2571155860110106,-0.04804506725231927,0.0,0.9104527779077461,0.9630370736594047,1.3003748940567947,0.870098923473425,0.8915803398545282,1.2765284852374275],[-0.11255431429595797,0.4996398988962174,0.5001330882906196,0.8675998729874307,0.5093166873207392,0.5260758427648807,0.9104527779077461,0.0,-0.006318856684361951,0.26301552049627624,0.04742079569555997,0.12273494536863118,0.4230589982612034],[-0.024682430629351906,0.5241640368887376,0.5252582177405734,0.8915763993433407,0.556473243664262,0.5815356057650424,0.9630370736594047,-0.006318856684361951,0.0,-0.04806591571715065,0.1359083996613826,0.21005152667189633,0.4919342547757641],[0.2869682230548427,0.9371216136274817,0.9346425269369758,1.2473528991283989,0.963019468338381,0.9801243030001869,1.3003748940567947,0.26301552049627624,-0.04806591571715065,0.0,0.4321060173534567,0.49721280938628676,0.7721606835731352],[-0.11155611203365598,0.5067699622220055,0.5260301926047565,0.9011725975990258,0.4996398988962174,0.5001217098748802,0.870098923473425,0.04742079569555997,0.1359083996613826,0.4321060173534567,0.0,-0.01928199821204967,0.25710183282281945],[-0.024681482873131984,0.5515420009277668,0.5812581061463783,0.9537231885494482,0.524126349124271,0.525498681263723,0.8915803398545282,0.12273494536863118,0.21005152667189633,0.49721280938628676,-0.01928199821204967,0.0,-0.04804440413340476],[0.2952484176485322,0.9591514928696622,0.9782388563458569,1.3307790175810614,0.9360926620299341,0.9316861611855694,1.2765284852374275,0.4230589982612034,0.4919342547757641,0.7721606835731352,0.25710183282281945,-0.04804440413340476,0.0]],"minimums":[[0.0,-0.10135737370364781,-0.04023387877054744,0.013686125762270969,-0.0880896821727972,-0.040534007453500234,0.013904212805547461,-0.11793703219743569,-0.03971717486618673,0.013901359404668672,-0.12210336404668032,-0.03997211826324287,0.01418611562383575],[-0.10135737370364781,0.0,-0.006367406439129848,0.0719464688023711,0.00941736791688039,0.05919574214654526,0.1478465556924617,0.4996398988962172,0.342443568456539,0.049963805544010455,0.5044982673353869,0.355157067250793,0.14484835809403668],[-0.04023387877054744,-0.006367406439129848,0.0,-0.04812611285221042,0.0657332963609919,-0.09589363820622152,-0.05202813230103987,0.21479298725440293,0.060975620058712765,-0.06858691082166839,0.2608000575825482,0.12927074082350723,0.059678453594079243],[0.013686125762270969,0.0719464688023711,-0.04812611285221042,0.0,0.14197012410790813,-0.03639098652328691,-0.04000367485439954,0.02656136998795361,-0.08770332559464639,-0.06412149013450137,0.1400980716221039,-0.0244824121810213,-0.026192638529547452],[-0.0880896821727972,0.00941736791688039,0.0657332963609919,0.14197012410790813,0.0,-0.019330907008826767,0.07428799133436337,0.5085847210380026,0.38339312045935486,0.17624058024324168,0.4996398988962172,0.339724258880201,0.04831182719819989],[-0.040534007453500234,0.05919574214654526,-0.09589363820622152,-0.03639098652328691,-0.019330907008826767,0.0,-0.04812709333329923,0.27219903630025366,0.31668088638701125,0.15059637439525578,0.2190381270728146,0.04632687696799598,-0.08235838743345587],[0.013904212805547461,0.1478465556924617,-0.05202813230103987,-0.04000367485439954,0.07428799133436337,-0.04812709333329923,0.0,0.1239211281480462,0.07670427513992653,-0.004542797070006376,0.023837623570943517,-0.0739753968630601,-0.06850619583871577],[-0.11793703219743569,0.4996398988962172,0.21479298725440293,0.02656136998795361,0.5085847210380026,0.27219903630025366,0.1239211281480462,0.0,-0.006367431306830329,0.07446362603195361,0.007435817993126105,0.0581018784627436,0.13887309729324346],[-0.03971717486618673,0.342443568456539,0.060975620058712765,-0.08770332559464639,0.38339312045935486,0.31668088638701125,0.07670427513992653,-0.006367431306830329,0.0,-0.048126113512584806,0.0631124639038887,-0.02595041916394618,-0.07658805015251395],[0.013901359404668672,0.049963805544010455,-0.06858691082166839,-0.06412149013450137,0.17624058024324168,0.15059637439525578,-0.004542797070006376,0.07446362603195361,-0.048126113512584806,0.0,0.14627329600212985,-0.025445851959616426,-0.0332442860544444],[-0.12210336404668032,0.5044982673353869,0.2608000575825482,0.1400980716221039,0.4996398988962172,0.2190381270728146,0.023837623570943517,0.007435817993126105,0.0631124639038887,0.14627329600212985,0.0,-0.019330902277697615,0.07476676263453036],[-0.03997211826324287,0.355157067250793,0.12927074082350723,-0.0244824121810213,0.339724258880201,0.04632687696799598,-0.0739753968630601,0.0581018784627436,-0.02595041916394618,-0.025445851959616426,-0.019330902277697615,0.0,-0.04812709417717814],[0.01418611562383575,0.14484835809403668,0.059678453594079243,-0.026192638529547452,0.04831182719819989,-0.08235838743345587,-0.06850619583871577,0.13887309729324346,-0.07658805015251395,-0.0332442860544444,0.07476676263453036,-0.04812709417717814,0.0]]},"full_obbs":{"averages":[[0.0,-0.15932547790270304,-0.0747688726475024,0.07305762915968474,-0.14801640843481728,-0.07600067860929809,0.07379827162929371,-0.1607265587741322,-0.07651643977094535,0.1063870950329587,-0.147809972265701,-0.07565959214219468,0.10913827443365882],[-0.15932547790270304,0.0,-0.009042307555675432,0.16370421155342668,0.010870069049504126,0.08122045922660968,0.24114259213469602,0.49963989889620686,0.47807252089147356,0.5881413240747252,0.49998503652304127,0.49218420385058015,0.6397613858957312],[-0.0747688726475024,-0.009042307555675432,0.0,-0.05949990823864937,0.09285448896916178,0.13786507830454975,0.27225483976280473,0.36417426320481255,0.35366232500864697,0.4790139297113287,0.3895086074025101,0.41532331242227166,0.5855161614678772],[0.07305762915968474,0.16370421155342668,-0.05949990823864937,0.0,0.24862231030567217,0.2709363735659675,0.40081744163529776,0.3770677946359118,0.3548206872219565,0.49684299704262314,0.4322530978535153,0.46529859296346915,0.6296459305714927],[-0.14801640843481728,0.010870069049504126,0.09285448896916178,0.24862231030567217,0.0,-0.022157952010631348,0.15902706028848937,0.4999680046332317,0.49448703944208167,0.6241179322349042,0.4996398988962069,0.47785884029748354,0.6050864672795151],[-0.07600067860929809,0.08122045922660968,0.13786507830454975,0.2709363735659675,-0.022157952010631348,0.0,-0.059499550610780716,0.38699408188139506,0.4155730233425943,0.5655060345309526,0.36612250361138704,0.357459073396617,0.4919320463174448],[0.07379827162929371,0.24114259213469602,0.27225483976280473,0.40081744163529776,0.15902706028848937,-0.059499550610780716,0.0,0.418132787222747,0.45806432519211104,0.6121868355263245,0.3666816219511217,0.3522409147598796,0.5021966732805266],[-0.1607265587741322,0.49963989889620686,0.36417426320481255,0.3770677946359118,0.4999680046332317,0.38699408188139506,0.418132787222747,0.0,-0.009042307555675432,0.16277750906230434,0.010643055190362601,0.08144794522587757,0.244073768467488],[-0.07651643977094535,0.47807252089147356,0.35366232500864697,0.3548206872219565,0.49448703944208167,0.4155730233425943,0.45806432519211104,-0.009042307555675432,0.0,-0.05949990823864937,0.09227071935734092,0.1398902218411794,0.27735170738317066],[0.1063870950329587,0.5881413240747252,0.4790139297113287,0.49684299704262314,0.6241179322349042,0.5655060345309526,0.6121868355263245,0.16277750906230434,-0.05949990823864937,0.0,0.24795720194745846,0.2731627510667059,0.40042864989273974],[-0.147809972265701,0.49998503652304127,0.3895086074025101,0.4322530978535153,0.4996398988962069,0.36612250361138704,0.3666816219511217,0.010643055190362601,0.09227071935734092,0.24795720194745846,0.0,-0.022157952010631348,0.1596676586135792],[-0.07565959214219468,0.49218420385058015,0.41532331242227166,0.46529859296346915,0.47785884029748354,0.357459073396617,0.3522409147598796,0.08144794522587757,0.1398902218411794,0.2731627510667059,-0.022157952010631348,0.0,-0.059499550610780716],[0.10913827443365882,0.6397613858957312,0.5855161614678772,0.6296459305714927,0.6050864672795151,0.4919320463174448,0.5021966732805266,0.244073768467488,0.27735170738317066,0.40042864989273974,0.1596676586135792,-0.059499550610780716,0.0]],"maximums":[[0.0,-0.13505038941023817,-0.037069952658115454,0.21729117792752162,-0.12206454351096245,-0.03221083396621045,0.21774262673445816,-0.13496777060080162,-0.03806420663515299,0.2092403992875094,-0.12205993431275443,-0.02863047821424928,0.21435481159695619],[-0.13505038941023817,0.0,-0.009042307555675443,0.22142186876149433,0.044877964842261225,0.120219972002448,0.372536180167241,0.49963989889623067,0.5212784949770325,0.9052987462161894,0.5017904051993004,0.5342252281067138,0.9232081111085345],[-0.037069952658115454,-0.009042307555675443,0.0,-0.0594999082386492,0.13331295163320805,0.20844489824491316,0.46099383178238384,0.4991870673636951,0.5201374281270512,0.898485737091759,0.5167542224813849,0.5592215700077544,0.9331203369575234],[0.21729117792752162,0.22142186876149433,-0.0594999082386492,0.0,0.4002945143130078,0.4756633198133803,0.7021665427421295,0.8277270025494854,0.8541640249870531,1.241677203330549,0.8645286686773668,0.9038349391226799,1.2408853979047094],[-0.12206454351096245,0.044877964842261225,0.13331295163320805,0.4002945143130078,0.0,-0.022157952010631504,0.21771236974714125,0.5017265226007602,0.5378955857215812,0.921607013426232,0.49963989889623067,0.5213247014084252,0.9060377170708243],[-0.03221083396621045,0.120219972002448,0.20844489824491316,0.4756633198133803,-0.022157952010631504,0.0,-0.05949955061078055,0.5133738160271909,0.5593254428083198,0.9329434937739252,0.49934035597182613,0.5215882532295157,0.9000217253703392],[0.21774262673445816,0.372536180167241,0.46099383178238384,0.7021665427421295,0.21771236974714125,-0.05949955061078055,0.0,0.8469133504828659,0.8870506101122004,1.243528320649421,0.8237606291868164,0.8423480316692908,1.195458644226195],[-0.13496777060080162,0.49963989889623067,0.4991870673636951,0.8277270025494854,0.5017265226007602,0.5133738160271909,0.8469133504828659,0.0,-0.009042307555675429,0.22108756563764745,0.04594611488421541,0.12127326146899474,0.372435050724153],[-0.03806420663515299,0.5212784949770325,0.5201374281270512,0.8541640249870531,0.5378955857215812,0.5593254428083198,0.8870506101122004,-0.009042307555675429,0.0,-0.05949990823864922,0.13440376649935826,0.2096049947119537,0.4608927023392958],[0.2092403992875094,0.9052987462161894,0.898485737091759,1.241677203330549,0.921607013426232,0.9329434937739252,1.243528320649421,0.22108756563764745,-0.05949990823864922,0.0,0.3896579811898524,0.4649999883500391,0.7105969365568788],[-0.12205993431275443,0.5017904051993004,0.5167542224813849,0.8645286686773668,0.49963989889623067,0.49934035597182613,0.8237606291868164,0.04594611488421541,0.13440376649935826,0.3896579811898524,0.0,-0.022157952010631497,0.218048201132586],[-0.02863047821424928,0.5342252281067138,0.5592215700077544,0.9038349391226799,0.5213247014084252,0.5215882532295157,0.8423480316692908,0.12127326146899474,0.2096049947119537,0.4649999883500391,-0.022157952010631497,0.0,-0.05949955061078058],[0.21435481159695619,0.9232081111085345,0.9331203369575234,1.2408853979047094,0.9060377170708243,0.9000217253703392,1.195458644226195,0.372435050724153,0.4608927023392958,0.7105969365568788,0.218048201132586,-0.05949955061078058,0.0]],"minimums":[[0.0,-0.17792147396934627,-0.10222925255354254,-0.036112003824859296,-0.1685738961480325,-0.10243785562035145,-0.03627053591797598,-0.17796990925389833,-0.10228596409131163,-0.03555779450640541,-0.1686112491367971,-0.10246972880010169,-0.03501003859518401],[-0.17792147396934627,0.0,-0.009042307555675609,0.057057690054178184,-0.028674661145052197,0.03755660115719606,0.11600517558871605,0.49963989889621707,0.2519499948877105,0.004828940658049738,0.4996398988962172,0.2605057019563792,0.12157812021873508],[-0.10222925255354254,-0.009042307555675609,0.0,-0.05949990823864952,0.04454380899939736,-0.18234188564277795,-0.11204636173132614,0.20078240608927755,-0.015199911923510655,-0.13407068162988617,0.213451480948906,0.05770038647047224,0.04011125171120162],[-0.036112003824859296,0.057057690054178184,-0.05949990823864952,0.0,0.11440057268871966,-0.12122095091307367,-0.09118352208904555,0.00451792863365728,-0.1086614266216944,-0.09905201175665412,0.11857860758629209,-0.005305537259192527,-0.04063954308592552],[-0.1685738961480325,-0.028674661145052197,0.04454380899939736,0.11440057268871966,0.0,-0.022157952010631622,0.04394241067767142,0.4996398988962172,0.26050697105991744,0.12201733302189338,0.4996398988962172,0.2509260049303407,-0.0018048599695729022],[-0.10243785562035145,0.03755660115719606,-0.18234188564277795,-0.12122095091307367,-0.022157952010631622,0.0,-0.059499550610780876,0.21134099425297975,0.08222575193404388,0.042599358812810795,0.20078490239856903,-0.006275646058737111,-0.079465672826385],[-0.03627053591797598,0.11600517558871605,-0.11204636173132614,-0.09118352208904555,0.04394241067767142,-0.059499550610780876,0.0,0.11931226226264398,0.032746097535317535,-0.022416967374045364,-0.0020905518120145766,-0.11529627718786303,-0.09117065282289963],[-0.17796990925389833,0.49963989889621707,0.20078240608927755,0.00451792863365728,0.4996398988962172,0.21134099425297975,0.11931226226264398,0.0,-0.009042307555675567,0.05706269600775016,-0.02985863864162963,0.03756732735013265,0.11601192426753981],[-0.10228596409131163,0.2519499948877105,-0.015199911923510655,-0.1086614266216944,0.26050697105991744,0.08222575193404388,0.032746097535317535,-0.009042307555675567,0.0,-0.05949990823864952,0.0444194479854914,-0.15322218314034772,-0.0945846541491658],[-0.03555779450640541,0.004828940658049738,-0.13407068162988617,-0.09905201175665412,0.12201733302189338,0.042599358812810795,-0.022416967374045364,0.05706269600775016,-0.05949990823864952,0.0,0.11721371169918209,-0.09911118590261674,-0.08883905574276983],[-0.1686112491367971,0.4996398988962172,0.213451480948906,0.11857860758629209,0.4996398988962172,0.20078490239856903,-0.0020905518120145766,-0.02985863864162963,0.0444194479854914,0.11721371169918209,0.0,-0.02215795201063163,0.043942410677671365],[-0.10246972880010169,0.2605057019563792,0.05770038647047224,-0.005305537259192527,0.2509260049303407,-0.006275646058737111,-0.11529627718786303,0.03756732735013265,-0.15322218314034772,-0.09911118590261674,-0.02215795201063163,0.0,-0.05949955061078091],[-0.03501003859518401,0.12157812021873508,0.04011125171120162,-0.04063954308592552,-0.0018048599695729022,-0.079465672826385,-0.09117065282289963,0.11601192426753981,-0.0945846541491658,-0.08883905574276983,0.043942410677671365,-0.05949955061078091,0.0]]},"full_bounding_spheres":{"averages":[[0.0,-0.2902993329249801,-0.4605928884002758,-0.38217011566398434,-0.28873784879090947,-0.4642347592301626,-0.39407103973520025,-0.28681104025041376,-0.3419456646587895,-0.24349481486780414,-0.28525003786516556,-0.3485701130389903,-0.2566979908200267],[-0.2902993329249801,0.0,-0.2321748065692378,-0.006755414814945294,-0.09102866211049161,-0.13194036505779488,0.03995903561210529,0.45588431150923486,0.3761828849877244,0.4183148878994121,0.4707377002327167,0.3999428391828526,0.435796794722098],[-0.4605928884002758,-0.2321748065692378,0.0,-0.2624084572272849,-0.11948303325910532,-0.19174170877383115,-0.06848474280247044,0.2460299947101151,0.15126749584094282,0.19599784409066198,0.28416960684952275,0.22220520658390802,0.2635247549389405],[-0.38217011566398434,-0.006755414814945294,-0.2624084572272849,0.0,0.049974570140213934,-0.06715552527468967,-0.044415345717420736,0.19920859758738108,0.08886406124089774,0.13712610698258315,0.24687751516861234,0.1772980836517397,0.21194716853150386],[-0.28873784879090947,-0.09102866211049161,-0.11948303325910532,0.049974570140213934,0.0,-0.24397531610512643,-0.017939766407990738,0.47071829744664445,0.4084330491156157,0.45300712440432594,0.45588392908963943,0.37059460330519134,0.40312383869693297],[-0.4642347592301626,-0.13194036505779488,-0.19174170877383115,-0.06715552527468967,-0.24397531610512643,0.0,-0.26730519955017884,0.2791084143809996,0.22749291710568958,0.2775273814315151,0.24387023899092974,0.1470301621308878,0.18197956564444004],[-0.39407103973520025,0.03995903561210529,-0.06848474280247044,-0.044415345717420736,-0.017939766407990738,-0.26730519955017884,0.0,0.23079377366723253,0.17399738568562792,0.21759844236157963,0.18438611122122586,0.07200662404702572,0.11643273972932201],[-0.28681104025041376,0.45588431150923486,0.2460299947101151,0.19920859758738108,0.47071829744664445,0.2791084143809996,0.23079377366723253,0.0,-0.23173069832569476,-0.009081291848085309,-0.09105243464809604,-0.13320983591400756,0.03663135317999209],[-0.3419456646587895,0.3761828849877244,0.15126749584094282,0.08886406124089774,0.4084330491156157,0.22749291710568958,0.17399738568562792,-0.23173069832569476,0.0,-0.26445934119277686,-0.11809947462492723,-0.19059988156033214,-0.0698026098272829],[-0.24349481486780414,0.4183148878994121,0.19599784409066198,0.13712610698258315,0.45300712440432594,0.2775273814315151,0.21759844236157963,-0.009081291848085309,-0.26445934119277686,0.0,0.049037702518895145,-0.06514355907911347,-0.03664479001104149],[-0.28525003786516556,0.4707377002327167,0.28416960684952275,0.24687751516861234,0.45588392908963943,0.24387023899092974,0.18438611122122586,-0.09105243464809604,-0.11809947462492723,0.049037702518895145,0.0,-0.24452805705218583,-0.01878373192392158],[-0.3485701130389903,0.3999428391828526,0.22220520658390802,0.1772980836517397,0.37059460330519134,0.1470301621308878,0.07200662404702572,-0.13320983591400756,-0.19059988156033214,-0.06514355907911347,-0.24452805705218583,0.0,-0.26710810988743766],[-0.2566979908200267,0.435796794722098,0.2635247549389405,0.21194716853150386,0.40312383869693297,0.18197956564444004,0.11643273972932201,0.03663135317999209,-0.0698026098272829,-0.03664479001104149,-0.01878373192392158,-0.26710810988743766,0.0]],"maximums":[[0.0,-0.28977840027498963,-0.3593898597045566,0.06607337544056124,-0.28856729967745265,-0.3612291597817334,0.0521750990904164,-0.28628297437628253,-0.28696030817734064,0.13568349002696967,-0.28508335014110575,-0.28891486746502193,0.13093647907283446],[-0.28977840027498963,0.0,-0.21929265307337922,0.18811642427307096,-0.08835770431479265,-0.1070094922973141,0.260433088510432,0.4559764975193707,0.4369560747789215,0.8722502793191089,0.4712910442283545,0.46531461225786874,0.8871795346725899],[-0.3593898597045566,-0.21929265307337922,0.0,-0.11206469137042119,-0.09208789290541941,-0.11892383295796521,0.22319888680909206,0.36000560703297213,0.33419221952797995,0.734434876485693,0.39627661134442727,0.38581452650795633,0.771923000305945],[0.06607337544056124,0.18811642427307096,-0.11206469137042119,0.0,0.2806601362830028,0.23955657030646427,0.6175262910598734,0.7922044879195058,0.7442962234433692,1.1322292339249156,0.825149574043532,0.7655876994026756,1.1262703829612137],[-0.28856729967745265,-0.08835770431479265,-0.09208789290541941,0.2806601362830028,0.0,-0.2299437934882029,0.18367358015486213,0.4712786858825612,0.46855409228532097,0.8931219037488436,0.45597527423178646,0.43697405604503425,0.8670982880001923],[-0.3612291597817334,-0.1070094922973141,-0.11892383295796521,0.23955657030646427,-0.2299437934882029,0.0,-0.1119680147982498,0.3925636332079455,0.3883095987758508,0.777723286985498,0.3592542890644752,0.3329172079138145,0.7361728121128861],[0.0521750990904164,0.260433088510432,0.22319888680909206,0.6175262910598734,0.18367358015486213,-0.1119680147982498,0.0,0.8109087263151311,0.7780682327021673,1.1752665527498292,0.7855330476237969,0.7640800986571248,1.0795204904203386],[-0.28628297437628253,0.4559764975193707,0.36000560703297213,0.7922044879195058,0.4712786858825612,0.3925636332079455,0.8109087263151311,0.0,-0.21929265117226363,0.18874434970298892,-0.08823142676603168,-0.10695340781383544,0.2609283184654868],[-0.28696030817734064,0.4369560747789215,0.33419221952797995,0.7442962234433692,0.46855409228532097,0.3883095987758508,0.7780682327021673,-0.21929265117226363,0.0,-0.11206534172933802,-0.09210995199268351,-0.12097187373856894,0.22617936147003792],[0.13568349002696967,0.8722502793191089,0.734434876485693,1.1322292339249156,0.8931219037488436,0.777723286985498,1.1752665527498292,0.18874434970298892,-0.11206534172933802,0.0,0.2744768334032207,0.23227868630190562,0.5280384346988188],[-0.28508335014110575,0.4712910442283545,0.39627661134442727,0.825149574043532,0.45597527423178646,0.3592542890644752,0.7855330476237969,-0.08823142676603168,-0.09210995199268351,0.2744768334032207,0.0,-0.2299437844735214,0.18473263119016048],[-0.28891486746502193,0.46531461225786874,0.38581452650795633,0.7655876994026756,0.43697405604503425,0.3329172079138145,0.7640800986571248,-0.10695340781383544,-0.12097187373856894,0.23227868630190562,-0.2299437844735214,0.0,-0.11194262580200764],[0.13093647907283446,0.8871795346725899,0.771923000305945,1.1262703829612137,0.8670982880001923,0.7361728121128861,1.0795204904203386,0.2609283184654868,0.22617936147003792,0.5280384346988188,0.18473263119016048,-0.11194262580200764,0.0]],"minimums":[[0.0,-0.29050929211837656,-0.5314499603334468,-0.6885862583538518,-0.28912732807936387,-0.5374819207765656,-0.6991857932902218,-0.28700623729097297,-0.46533492284942024,-0.6941875906090655,-0.2856359950666212,-0.4670913843102395,-0.7033532889871285],[-0.29050929211837656,0.0,-0.25634825740020967,-0.272392934499301,-0.09374347018015883,-0.1891657281148444,-0.21920927381109612,0.45586177372072406,0.25633906461836287,-0.2518808021617846,0.47019044500657997,0.2785867685477068,-0.1834734359357954],[-0.5314499603334468,-0.25634825740020967,0.0,-0.47888841919442326,-0.17954535786093492,-0.35967054876826027,-0.4009790645360677,0.17429177063713064,-0.043445030488918235,-0.5665722016027485,0.21262696405334747,0.03964140846812125,-0.41134140153750487],[-0.6885862583538518,-0.272392934499301,-0.47888841919442326,0.0,-0.2035941682934847,-0.4079610695600092,-0.6886558969899248,-0.3286982357593728,-0.575751992435394,-0.6093351686094189,-0.21433378665330216,-0.3736406476489912,-0.6388730600273509],[-0.28912732807936387,-0.09374347018015883,-0.17954535786093492,-0.2035941682934847,0.0,-0.27074518888125604,-0.2814701701876665,0.47019552612606047,0.2823470451760969,-0.1824856753727993,0.45586177374396936,0.2526323503290593,-0.2545613039227089],[-0.5374819207765656,-0.1891657281148444,-0.35967054876826027,-0.4079610695600092,-0.27074518888125604,0.0,-0.47770651725749447,0.205974984997099,0.038895020677307435,-0.3524778670400438,0.17187434719130634,-0.04505663063183152,-0.5543797214426314],[-0.6991857932902218,-0.21920927381109612,-0.4009790645360677,-0.6886558969899248,-0.2814701701876665,-0.47770651725749447,0.0,-0.23717964767532856,-0.4149578597623673,-0.5608785497433001,-0.3475445579003651,-0.6121244599435399,-0.6732982332312042],[-0.28700623729097297,0.45586177372072406,0.17429177063713064,-0.3286982357593728,0.47019552612606047,0.205974984997099,-0.23717964767532856,0.0,-0.2562968772976213,-0.2703156376607744,-0.09372772556510997,-0.19209569639090301,-0.20629411613300241],[-0.46533492284942024,0.25633906461836287,-0.043445030488918235,-0.575751992435394,0.2823470451760969,0.038895020677307435,-0.4149578597623673,-0.2562968772976213,0.0,-0.477438930430543,-0.17807541238195376,-0.3640521787069253,-0.40944916359685035],[-0.6941875906090655,-0.2518808021617846,-0.5665722016027485,-0.6093351686094189,-0.1824856753727993,-0.3524778670400438,-0.5608785497433001,-0.2703156376607744,-0.477438930430543,0.0,-0.19751144345907723,-0.4351735800918428,-0.6781813432895386],[-0.2856359950666212,0.47019044500657997,0.21262696405334747,-0.21433378665330216,0.45586177374396936,0.17187434719130634,-0.3475445579003651,-0.09372772556510997,-0.17807541238195376,-0.19751144345907723,0.0,-0.2708168970590764,-0.2839485692818101],[-0.4670913843102395,0.2785867685477068,0.03964140846812125,-0.3736406476489912,0.2526323503290593,-0.04505663063183152,-0.6121244599435399,-0.19209569639090301,-0.3640521787069253,-0.4351735800918428,-0.2708168970590764,0.0,-0.47704145997744274],[-0.7033532889871285,-0.1834734359357954,-0.41134140153750487,-0.6388730600273509,-0.2545613039227089,-0.5543797214426314,-0.6732982332312042,-0.20629411613300241,-0.40944916359685035,-0.6781813432895386,-0.2839485692818101,-0.47704145997744274,0.0]]},"decomposition_convex_hulls":{"averages":[[0.0,0.09280609525740147,0.0,0.649642676115036,0.034586782817477464,0.0,0.2010798677802086,0.4330951124429703,0.5290761467030498,0.5104335248470306,0.5226011619575779,0.5482644337666647,0.5482470739993782,0.6802173978337647,0.6980175659428781,0.5574450391536379,0.553963710348249,0.6755683970053444,0.6692899769109165,0.6908464204491163,0.6909934511177873,0.5296562497719357,0.5353490534493537,0.5689801216125738,0.5771022169243338,0.5364599016448535,0.5244807547429486,0.5328264674200296,0.541750774310356,0.5583038885486489,0.5482305283217108,0.5267233376170992,0.6188425038361292,0.6133500668917875,0.5980745424359445,0.5864416090164465,0.5692045847168337,0.5423804575265642,0.6258855623982673,0.6252958941279584,0.5427907655546702,0.5578679390746318,0.5267522926477599,0.5567538570069385,0.5572148901291392,0.6884546135800782,0.7006879014302206,0.5586214318514698,0.5566878551240816,0.6749722376651575,0.6715693246724341,0.6924283155644635,0.691668587375181,0.5673885727364286,0.5424013921423754,0.563637778488836,0.5995926337598833,0.5425531653403569,0.5419486794569943,0.5637843384109015,0.5521162660293378,0.5364112939319867,0.5980481448125733,0.6285001802079152,0.6239841698905895,0.6105018370791708,0.6027322052184004,0.5843137588469106,0.5598171742233263,0.6383357220729629,0.6392503964873187,0.5591644531085824,0.5714288415822295,-0.017488723641940807,-0.005376772888435957,-0.007419519377917483,0.046547910026011316,0.09962184365379399,0.02452754795695201,-0.016882208215768066,0.057312393261804075,0.008841480408077178,0.02809523344387194,0.02840696509418184,0.22995247960070547,0.16443589381191692,0.1257156326817147,0.13026881607819654,0.038769968431284135,0.2466955545428055,0.20742973851651042,0.13008510452807368,0.1197428395097145,0.11231363436771939,0.05348566399202736,0.35381129998510147,0.34120381474127215,0.32338629767324006,0.3033307830409332,0.29113380171620085,0.2753816195568653,0.3772825307080301,0.36839393555434446,0.2791495941414,0.2893681366020166,-0.01309732552070332,0.030779412913463203,0.033548105491118925,0.09958067472297334,0.10802111415183296,-0.0016626077977978544,-0.0066994975766545605,0.04621702103206567,0.03972460207041752,0.0491422097973922,0.03874940244961615,0.12018363792146468,0.13722677068213912,0.12158323926150316,0.08126178607221987,0.25206847831802853,0.199229712972748,0.2874646954883334,0.21042494698461722,0.03353168874309391,0.08302298354836896,0.3693186181110965,0.3559570606659464,0.3332751491244218,0.3195228128085664,0.2986539202206797,0.28296365578666216,0.39628032925571716,0.3879612616296158,0.2811013298673042,0.29282176016764866],[0.09280609525740147,0.0,0.0,0.6602704463856112,0.04891310146246927,0.006232103347308283,0.2010798677802086,0.4330951124429703,0.5104335248470306,0.5113701009436911,0.5244089433321536,0.5499647580615374,0.5498638590021766,0.680689435188453,0.6918076346955482,0.5599617585836011,0.5547947945084799,0.6741313549587465,0.6699342342887952,0.6917381975273226,0.7003245073885587,0.5340918218772077,0.5379564203470737,0.5761401026400127,0.5807470699284841,0.5395977324498122,0.5276311572138225,0.5352556715479253,0.5441710529447542,0.5604135472777454,0.5528450069074559,0.5310495816750253,0.6049975579730186,0.6009100711479218,0.587510501722645,0.5782626253035529,0.5634218116521145,0.5401121363942079,0.609664447137068,0.6101308613484907,0.544447094614479,0.5619343573636266,0.5278594862112459,0.5584615509898324,0.5589821266238173,0.6896027150009719,0.6922881389445416,0.5591290255889289,0.5577561309365926,0.6725160807090155,0.6720660522035696,0.6930452069618461,0.7019313133182365,0.5697840782575095,0.5435878842760901,0.5639947641682309,0.601874227188903,0.5451298772952802,0.5435155903081758,0.5666135074078332,0.5542260799141392,0.538880937544371,0.5960085258010527,0.613067971803367,0.6097736180511397,0.5983525675497771,0.5930851711382842,0.5773184476032679,0.5568715405088672,0.6209455757355925,0.6231478688325441,0.5600560178888526,0.5748801160289168,0.015032679697002695,0.019847883031714718,0.024477531025586276,0.05699331666725099,0.04485024822809813,0.04591883269118025,0.00595830051160966,0.07565978896753775,0.028192680127228233,0.04452632698688637,0.11653449140990445,0.24472903660771064,0.18014745549498468,0.14129944279807252,0.1396531860235763,0.05484883368045225,0.2574182359334431,0.22024404442683085,0.14517861542832833,0.13217116367914422,0.12278612174193862,0.06606875858213344,0.33500622735479907,0.3244627218946437,0.30947478080981344,0.2926226864188282,0.28471941910548615,0.2756455455363391,0.3556904288748035,0.347576069201951,0.28693205766363417,0.3019677819205182,0.022424093342248413,0.055102128875743187,0.05799752900381291,0.10041239430979981,0.04026455243285925,0.030804209733229403,0.016397756199373704,0.047658897538297905,0.038131222451813614,0.052451735669732116,0.11643777060580363,0.14101095448676215,0.15680832538840622,0.1397027698429499,0.10188972664054638,0.26241155015255974,0.21230475425301604,0.30018009199468043,0.22632443206146352,0.05663640912809664,0.08282746732773409,0.3459151554910708,0.33501612340868825,0.31579906076128245,0.30544899602953945,0.28900760548032156,0.28114977715259765,0.37025734276581096,0.3632850787436067,0.2863621354878663,0.30383515677641293],[0.0,0.0,0.0,0.7972496390052218,0.16148734533286693,0.14006583119102153,0.340289019048214,0.5723042637109756,0.649642676115036,0.6498267891525986,0.661547304172481,0.686593009885365,0.686513577483163,0.8185278752258488,0.8303603201276467,0.6968541518997647,0.6934597372177047,0.8117918030838099,0.8087034786598344,0.8300744933505623,0.835958552649396,0.6527533556997102,0.6655970409395681,0.7072950764464255,0.7125870950954787,0.6749194104775532,0.6481598758807936,0.6602792832230227,0.674187926371389,0.6924624515677649,0.6850670064477387,0.665403340674452,0.7144349276944016,0.7138955361487447,0.7025556334123291,0.6957158333087421,0.6822333318325783,0.6590083172455443,0.7135360661213282,0.7183793368190774,0.6625407882981683,0.6795886804011567,0.6642153416623758,0.6934108700570066,0.693831669642008,0.8259407100355549,0.8308627854954597,0.6961495620491086,0.695649848416342,0.8104737856954836,0.810320954712934,0.8310693159454747,0.8372628273812842,0.6999413273843802,0.6712467896757812,0.6941455374424321,0.7352407811578079,0.6626590629836305,0.6670304440585245,0.6777083456435238,0.6743846626036355,0.6726622494348043,0.7303451177327303,0.7198507316113361,0.7197438290984094,0.7106704109131469,0.7073045168089223,0.6936202559783683,0.6725495220069864,0.7221925968910844,0.7280965063522787,0.6749666277094029,0.6894526055415459,-0.0012645296591700362,0.023742759820382632,0.02145613174992092,0.13401847288260688,0.14401996053622831,0.04217016688979616,0.015969402684550056,0.13966290948051757,0.12092238142298217,0.1422677656132404,0.172078218172407,0.22883198354896317,0.1636618578801455,0.12755758852715948,0.13013559493793858,0.041864931014066895,0.24314435762297384,0.20498104541572368,0.13063822457414312,0.11755882152282418,0.10830013617659169,0.04969783585324408,0.3507466512637996,0.3374914254846984,0.31894239762381976,0.29752922570801815,0.28476266482090234,0.26945819311238345,0.37511897970994657,0.36610902630683967,0.27505375702108514,0.28776287223675534,0.006274278572987592,0.042917347468007815,0.04392300603977014,0.1619990360479936,0.14668914770992322,0.032600978304369095,0.02484516496762817,0.13108497365464664,0.13030471083131442,0.14795348270818465,0.1757194810710299,0.11658424748654185,0.12959169578430968,0.1147991259348434,0.10246824614482347,0.24331071841917457,0.19063905774069187,0.2790532749107936,0.20173804482802588,0.03937635956109039,0.09227776961337864,0.3602346218757458,0.34625094170906756,0.32193930909182034,0.3071713721432846,0.28553036080643124,0.2705414129491848,0.3885269499438294,0.37975725917166936,0.270647916504322,0.28492503960087867],[0.649642676115036,0.6602704463856112,0.7972496390052218,0.0,0.4498942530335595,0.4485628083348274,0.21654756367206573,0.13920915126800537,0.029242759765086633,0.0,0.09868397753218983,-0.01154977923391569,-0.004611305722325931,-0.03183121544917901,-0.01566754272505395,0.018631198829279275,-0.010867205259983272,0.010073823681003506,-0.030995671923642137,-0.04713574008592094,-0.013793881763741774,0.26397144018963253,0.19521614732048073,0.1154211940951312,0.11702469755907965,0.030044213250138414,0.283307260772403,0.24278143548284425,0.15231624632824403,0.1344250361794481,0.09635786343262608,0.03865015580354296,0.3714659190739023,0.36083686634998113,0.345860491137913,0.3290770158059513,0.31985442529684044,0.30756297839067986,0.39281475659491955,0.3839654856564709,0.31503509346779335,0.3275346872933466,0.10284066268809049,0.016118681035888406,0.026990511332217387,0.028199067682665807,-0.033198473905393544,-0.001249898291244219,-0.007073021793379295,-0.031908442494949465,-0.025340587637758753,-0.046337027730524845,-0.03029478008012389,0.11197268723562055,0.15990865177995917,0.13614287863208474,0.05238894736228905,0.2839873768560325,0.22936587011719256,0.318432804435254,0.2395064744649043,0.026032257739154244,0.06971812122235725,0.3696506473617975,0.35809454486799835,0.34016477814768187,0.3307588179423607,0.3145320961297958,0.3055442045308688,0.39402930139350606,0.3863641910038544,0.31054381977832485,0.3266160860917308,0.7874567657232117,0.6721252117413967,0.6771422216162718,0.6526976640840356,0.637143860603677,0.6813992218661763,0.6720599310665651,0.6535252455833405,0.650910813331701,0.6270074979598949,0.6300063085245514,0.826230800102003,0.7905063590420918,0.7056396164448409,0.7075721968861298,0.662483714755906,0.8435952831949806,0.822795743835433,0.7582577868363792,0.7456115491861499,0.6793789318688154,0.6525101329467072,0.8665331929801106,0.8678037135870574,0.8637870280204961,0.8638769015699245,0.8628862013246471,0.8550675655105239,0.8642842275423592,0.8704009823911498,0.867694866806622,0.8856167869059222,0.7886439051212532,0.6760971601357345,0.6820685492913301,0.6587059120992866,0.6373019359210614,0.6804344905577494,0.6732096269915544,0.6524334029029673,0.6522729278482147,0.6282477373023976,0.6302015086354348,0.6939305413102089,0.7617508347626016,0.7446349019124693,0.6740060107906479,0.8452325417769581,0.8101714252659432,0.8600611665175438,0.8147216170722804,0.6622169178782171,0.706078480656882,0.8518108323964153,0.8533942645216857,0.8515748984305314,0.8576928613156816,0.8542811111318522,0.8512400079801733,0.8522758652597179,0.8601996285539343,0.8654118652657604,0.8846404163654485],[0.034586782817477464,0.04891310146246927,0.16148734533286693,0.4498942530335595,0.0,0.0,0.0,0.2320152446627617,0.3118186652698507,0.311190676370296,0.31903190928697417,0.3438016278455332,0.34395772716419964,0.47760214297169257,0.4891304985313257,0.35244399327039705,0.35244399327039705,0.46786754596233743,0.46786754596233743,0.48912978190184064,0.48913078806530585,0.30288990615500466,0.3051168020287939,0.3443233850077495,0.35095364501486587,0.3258078976317166,0.300000568080663,0.3042080269857178,0.3125476969179562,0.33234601922579665,0.32462825230465464,0.3117361165336098,0.41024