{"full_convex_hulls":{"averages":[[0.0,0.00019982737302781615,0.06544903145153247,0.214565948233997,0.26928764043750003,0.3614147579610247,0.43346081604006237,0.4857882436884758,0.48190300375896644,0.521974392792551,0.5459499485504353,0.5303050407413852,0.5216421961991953,0.5455824116870996,0.5302795891116996],[0.00019982737302781615,0.0,-0.06389443601637794,0.13916467640633415,0.1878612449498199,0.28881801141312685,0.3658935967381973,0.42127299799656287,0.41863795384802427,0.459454873693557,0.48582081035613855,0.4684821821904503,0.45936533861235324,0.4851872328590085,0.4685163190935202],[0.06544903145153247,-0.06389443601637794,0.0,0.00011925683296556501,0.060382841348259525,0.19181258175975227,0.287916177280345,0.3458220099591131,0.3435128607340784,0.3846671367965356,0.4119668638605076,0.3938952682842359,0.3847307787562257,0.41142707107307974,0.3939847558232281],[0.214565948233997,0.13916467640633415,0.00011925683296556501,0.0,-0.05234283034647116,0.1232600739126454,0.24282791439290366,0.3036804995906479,0.3002300682298267,0.34110177774219075,0.36916082063575517,0.35079636990886975,0.3412495082004231,0.3685479160931281,0.35092037091100975],[0.26928764043750003,0.1878612449498199,0.060382841348259525,-0.05234283034647116,0.0,0.00032415327814849353,0.11692660608330038,0.17851679570816067,0.18224366082020269,0.22751322719089692,0.2660812496288634,0.2406681015155362,0.22729475271062213,0.265454538124073,0.24042773514091972],[0.3614147579610247,0.28881801141312685,0.19181258175975227,0.1232600739126454,0.00032415327814849353,0.0,-0.03080635581181362,0.0372154537279659,0.05868053262163299,0.11088057650861068,0.16377302149774883,0.12898287013061632,0.11102340972308782,0.16373386565068782,0.12906599633194094],[0.43346081604006237,0.3658935967381973,0.287916177280345,0.24282791439290366,0.11692660608330038,-0.03080635581181362,0.0,0.0004795206903138661,0.019479646502813995,0.07209979752333412,0.13410118153129932,0.0966009491530933,0.07217810349658907,0.13405170625836899,0.0965991876682683],[0.4857882436884758,0.42127299799656287,0.3458220099591131,0.3036804995906479,0.17851679570816067,0.0372154537279659,0.0004795206903138661,0.0,-0.009000001464936316,0.04362015303981527,0.10603503245580108,0.06812132777933595,0.0436984555199391,0.10628472560004625,0.06811956243801656],[0.48190300375896644,0.41863795384802427,0.3435128607340784,0.3002300682298267,0.18224366082020269,0.05868053262163299,0.019479646502813995,-0.009000001464936316,0.0,-0.03360149779310219,0.008398024797704481,-0.03498959175881184,-0.03361070600198199,0.008447646969113726,-0.034991721415364926],[0.521974392792551,0.459454873693557,0.3846671367965356,0.34110177774219075,0.22751322719089692,0.11088057650861068,0.07209979752333412,0.04362015303981527,-0.03360149779310219,0.0,-0.011858414733399915,-0.005660597499859824,0.024563774438836113,0.06361131044548105,0.031693805319220454],[0.5459499485504353,0.48582081035613855,0.4119668638605076,0.36916082063575517,0.2660812496288634,0.16377302149774883,0.13410118153129932,0.10603503245580108,0.008398024797704481,-0.011858414733399915,0.0,-0.004604355635724078,0.06389016494649997,0.04155972907965528,0.04864133478459042],[0.5303050407413852,0.4684821821904503,0.3938952682842359,0.35079636990886975,0.2406681015155362,0.12898287013061632,0.0966009491530933,0.06812132777933595,-0.03498959175881184,-0.005660597499859824,-0.004604355635724078,0.0,0.03162695141637704,0.04861508930184823,0.02761694853751511],[0.5216421961991953,0.45936533861235324,0.3847307787562257,0.3412495082004231,0.22729475271062213,0.11102340972308782,0.07217810349658907,0.0436984555199391,-0.03361070600198199,0.024563774438836113,0.06389016494649997,0.03162695141637704,0.0,-0.011860414197808273,-0.005566146802933826],[0.5455824116870996,0.4851872328590085,0.41142707107307974,0.3685479160931281,0.265454538124073,0.16373386565068782,0.13405170625836899,0.10628472560004625,0.008447646969113726,0.06361131044548105,0.04155972907965528,0.04861508930184823,-0.011860414197808273,0.0,-0.004991970991056386],[0.5302795891116996,0.4685163190935202,0.3939847558232281,0.35092037091100975,0.24042773514091972,0.12906599633194094,0.0965991876682683,0.06811956243801656,-0.034991721415364926,0.031693805319220454,0.04864133478459042,0.02761694853751511,-0.005566146802933826,-0.004991970991056386,0.0]],"maximums":[[0.0,0.00019982737302787212,0.07075690110483014,0.30409694960880057,0.3759434909658873,0.5817049911518978,0.7185739216913096,0.832513077466349,0.8590027105408897,0.9209330223896703,0.9750756266413704,0.936416437748389,0.9185018760516035,0.9817775853302952,0.9319601441656759],[0.00019982737302787212,0.0,-0.06382876689647042,0.1439321452952044,0.21583762752798744,0.422645590144373,0.5631595170902736,0.6787813094739594,0.7036826987092581,0.7680098260464832,0.8384506939028568,0.7891476831876347,0.7634340005684576,0.8285453275565278,0.7795465246696529],[0.07075690110483014,-0.06382876689647042,0.0,0.00011926219700034723,0.07071094072061235,0.27490875510073487,0.41538933710249676,0.5317562482382101,0.5568196445735349,0.6212475607226814,0.6917887761716615,0.6427598044180871,0.6156691797956282,0.6825919373134317,0.6353784947262653],[0.30409694960880057,0.1439321452952044,0.00011926219700034723,0.0,-0.05221998907156266,0.13137697130603299,0.2719315726317156,0.3887156563371175,0.4135080826840233,0.4799823230352907,0.5473355057904628,0.4983607223984103,0.47592433796133415,0.5460572961511598,0.4987448766980541],[0.3759434909658873,0.21583762752798744,0.07071094072061235,-0.05221998907156266,0.0,0.00032415812528066644,0.13591418174477493,0.2528712844517669,0.2777167575713815,0.3429443300292346,0.4129567314064144,0.3630043875191993,0.3434731868874723,0.4107703775476854,0.3626822127741902],[0.5817049911518978,0.422645590144373,0.27490875510073487,0.13137697130603299,0.00032415812528066644,0.0,-0.021539020217937938,0.042502464467042776,0.06729289062636168,0.1354136382619879,0.2034294598112632,0.15309076012444695,0.1357454554973761,0.20329328646184075,0.15309485496027406],[0.7185739216913096,0.5631595170902736,0.41538933710249676,0.2719315726317156,0.13591418174477493,-0.021539020217937938,0.0,0.00047952850925910007,0.019479646692771805,0.07987777898070902,0.136648871439464,0.09665130727781654,0.07990591865272664,0.1366428260016413,0.09665109137103575],[0.832513077466349,0.6787813094739594,0.5317562482382101,0.3887156563371175,0.2528712844517669,0.042502464467042776,0.00047952850925910007,0.0,-0.009000001464936305,0.051398114025355685,0.10816917863692906,0.06817173196678368,0.05142629155846985,0.10817484505522443,0.06817150737964187],[0.8590027105408897,0.7036826987092581,0.5568196445735349,0.4135080826840233,0.2777167575713815,0.06729289062636168,0.019479646692771805,-0.009000001464936305,0.0,-0.032485579177680704,0.01607176589344003,-0.03493951382130712,-0.032487502838298994,0.016109864141766503,-0.034940381923091283],[0.9209330223896703,0.7680098260464832,0.6212475607226814,0.4799823230352907,0.3429443300292346,0.1354136382619879,0.07987777898070902,0.051398114025355685,-0.032485579177680704,0.0,-0.011834734395394654,-0.0017124980767320105,0.033655489901670166,0.09028498576016286,0.03408499691535055],[0.9750756266413704,0.8384506939028568,0.6917887761716615,0.5473355057904628,0.4129567314064144,0.2034294598112632,0.136648871439464,0.10816917863692906,0.01607176589344003,-0.011834734395394654,0.0,0.040485029910280426,0.09035744613811923,0.1206012753343862,0.08234201099348397],[0.936416437748389,0.7891476831876347,0.6427598044180871,0.4983607223984103,0.3630043875191993,0.15309076012444695,0.09665130727781654,0.06817173196678368,-0.03493951382130712,-0.0017124980767320105,0.040485029910280426,0.0,0.034090599656936095,0.08237141519588898,0.028143934986299284],[0.9185018760516035,0.7634340005684576,0.6156691797956282,0.47592433796133415,0.3434731868874723,0.1357454554973761,0.07990591865272664,0.05142629155846985,-0.032487502838298994,0.033655489901670166,0.09035744613811923,0.034090599656936095,0.0,-0.01183460644227869,-0.0017049927536062512],[0.9817775853302952,0.8285453275565278,0.6825919373134317,0.5460572961511598,0.4107703775476854,0.20329328646184075,0.1366428260016413,0.10817484505522443,0.016109864141766503,0.09028498576016286,0.1206012753343862,0.08237141519588898,-0.01183460644227869,0.0,0.0417555262882656],[0.9319601441656759,0.7795465246696529,0.6353784947262653,0.4987448766980541,0.3626822127741902,0.15309485496027406,0.09665109137103575,0.06817150737964187,-0.034940381923091283,0.03408499691535055,0.08234201099348397,0.028143934986299284,-0.0017049927536062512,0.0417555262882656,0.0]],"minimums":[[0.0,0.0001998273730277611,0.028217395854087182,0.08652536183508888,0.014347368185700394,-0.07013411522870991,-0.09318664748029754,-0.06451067756914594,-0.07765718102205828,-0.04384583619010141,-0.03312411489025928,-0.027231355488137828,-0.03762200055472816,-0.015784342559877585,-0.03765645628875999],[0.0001998273730277611,0.0,-0.06398280837161119,0.10031855700133419,0.0396939515363036,-0.08081216574581518,-0.09570873431596179,-0.07524136330346569,-0.06993082312878013,-0.03096525753177869,-0.01688154199542302,-0.02617572942310522,-0.03722218795945281,-0.0012352608023515974,-0.019478940082890948],[0.028217395854087182,-0.06398280837161119,0.0,0.00011925623495068167,-0.04853730311580518,-0.07658372659118588,-0.05613132511486199,-0.07339359464036153,-0.07137557941050467,-0.0435567309902568,-0.055806558988800437,-0.05375169261008289,-0.05607468230069583,-0.05112640088024972,-0.06638627402678915],[0.08652536183508888,0.10031855700133419,0.00011925623495068167,0.0,-0.05250443662868348,0.07340308968580278,0.13530891406896298,0.1222230403803815,0.054552408216638947,0.04602743150611554,-0.009354434786926658,0.03266680873798803,0.03865069881509389,-0.018716409915014193,0.02422785298386508],[0.014347368185700394,0.0396939515363036,-0.04853730311580518,-0.05250443662868348,0.0,0.00032415273266697095,0.05397542977301765,0.053385761603140416,-0.022674364343922178,-0.03650498031479804,-0.06888300256382715,-0.042630954779511586,-0.03033867909517772,-0.048279428019864436,-0.04406678225633595],[-0.07013411522870991,-0.08081216574581518,-0.07658372659118588,0.07340308968580278,0.00032415273266697095,0.0,-0.06152092732433562,-0.011787643179300172,-0.015224871790252541,-0.01845607742350698,0.018900555202520618,0.008126100912339293,-0.00962586567190708,0.02323400694593585,0.004410002169617464],[-0.09318664748029754,-0.09570873431596179,-0.05613132511486199,0.13530891406896298,0.05397542977301765,-0.06152092732433562,0.0,0.0004795202701340373,0.019479646384641364,0.06554464489489373,0.1278402427738154,0.09657757181741511,0.06554444911772156,0.12774771545464744,0.09657756597317702],[-0.06451067756914594,-0.07524136330346569,-0.07339359464036153,0.1222230403803815,0.053385761603140416,-0.011787643179300172,0.0004795202701340373,0.0,-0.009000001464936305,0.03706507068613485,0.10077594248263506,0.06809800223059077,0.03706482876432289,0.10143267450204126,0.06809799911188302],[-0.07765718102205828,-0.06993082312878013,-0.07137557941050467,0.054552408216638947,-0.022674364343922178,-0.015224871790252541,0.019479646384641364,-0.009000001464936305,0.0,-0.03400588283981624,0.002736426128434574,-0.03501335649701143,-0.034049307837862704,0.0032292372329627604,-0.035013379271285144],[-0.04384583619010141,-0.03096525753177869,-0.0435567309902568,0.04602743150611554,-0.03650498031479804,-0.01845607742350698,0.06554464489489373,0.03706507068613485,-0.03400588283981624,0.0,-0.01190022391383126,-0.019967854022979736,0.01825232328013064,0.007989177338920008,0.026866163602845924],[-0.03312411489025928,-0.01688154199542302,-0.055806558988800437,-0.009354434786926658,-0.06888300256382715,0.018900555202520618,0.1278402427738154,0.10077594248263506,0.002736426128434574,-0.01190022391383126,0.0,-0.02591427349987941,0.008094330501971076,-0.03200000151991843,-0.00914518673488296],[-0.027231355488137828,-0.02617572942310522,-0.05375169261008289,0.03266680873798803,-0.042630954779511586,0.008126100912339293,0.09657757181741511,0.06809800223059077,-0.03501335649701143,-0.019967854022979736,-0.02591427349987941,0.0,0.026872684439889608,-0.005056646580814995,0.012481779964031802],[-0.03762200055472816,-0.03722218795945281,-0.05607468230069583,0.03865069881509389,-0.03033867909517772,-0.00962586567190708,0.06554444911772156,0.03706482876432289,-0.034049307837862704,0.01825232328013064,0.008094330501971076,0.026872684439889608,0.0,-0.011900304366228333,-0.01996785402297974],[-0.015784342559877585,-0.0012352608023515974,-0.05112640088024972,-0.018716409915014193,-0.048279428019864436,0.02323400694593585,0.12774771545464744,0.10143267450204126,0.0032292372329627604,0.007989177338920008,-0.03200000151991843,-0.005056646580814995,-0.011900304366228333,0.0,-0.02491998535124182],[-0.03765645628875999,-0.019478940082890948,-0.06638627402678915,0.02422785298386508,-0.04406678225633595,0.004410002169617464,0.09657756597317702,0.06809799911188302,-0.035013379271285144,0.026866163602845924,-0.00914518673488296,0.012481779964031802,-0.01996785402297974,-0.02491998535124182,0.0]]},"full_obbs":{"averages":[[0.0,0.00019982737302781683,0.048452084744317135,0.18213567064933195,0.20998662633332746,0.32562161107414767,0.39082643218161195,0.4520892102688549,0.44269500501530595,0.48904472652714515,0.512925914470327,0.4988868907646814,0.491647803715161,0.5155447997888034,0.5008628821545689],[0.00019982737302781683,0.0,-0.10775615106221456,0.1277824547525572,0.14604800734943882,0.26721178593320283,0.33819055024231387,0.4018856086461598,0.39338795308681457,0.4414712209815208,0.4669166692093793,0.4517313081490258,0.4429403000127633,0.46851082622176754,0.452913801349313],[0.048452084744317135,-0.10775615106221456,0.0,0.00011924264932207131,0.02230058524502208,0.17231609534045678,0.25826762655619956,0.3246368907909757,0.3164876776652934,0.36505350702329403,0.39158839429749437,0.37536852379302854,0.36544609923560245,0.3919121319907084,0.37588658457876584],[0.18213567064933195,0.1277824547525572,0.00011924264932207131,0.0,-0.09808355918277309,0.10203529551536596,0.20624849485336658,0.27386029021589714,0.26446178502264533,0.31306641639666116,0.34093276212025764,0.32372200221298253,0.3126397465076299,0.3402954560382024,0.3234922998113583],[0.20998662633332746,0.14604800734943882,0.02230058524502208,-0.09808355918277309,0.0,0.0003241515806733284,0.10187419496292206,0.1649424905672642,0.15634428743827264,0.20585553388230227,0.2395633750626053,0.21797194543195061,0.20511280943644483,0.23932115503102785,0.21755371025396106],[0.32562161107414767,0.26721178593320283,0.17231609534045678,0.10203529551536596,0.0003241515806733284,0.0,-0.0797690510485531,0.022579192875076808,0.036383490771754,0.09750078769849137,0.14609301139769504,0.1164016436789862,0.09829244891801786,0.14692827285638743,0.11704349115891906],[0.39082643218161195,0.33819055024231387,0.25826762655619956,0.20624849485336658,0.10187419496292206,-0.0797690510485531,0.0,0.00047951667047077686,0.019479516059395935,0.07058664106961661,0.12910024549903792,0.09487954872074984,0.07015005546287952,0.12922087940907387,0.09493205331638005],[0.4520892102688549,0.4018856086461598,0.3246368907909757,0.27386029021589714,0.1649424905672642,0.022579192875076808,0.00047951667047077686,0.0,-0.009000001464936342,0.04210700234057919,0.10175693226876559,0.06639992945386938,0.04167041172529171,0.100870230305707,0.06645242903120743],[0.44269500501530595,0.39338795308681457,0.3164876776652934,0.26446178502264533,0.15634428743827264,0.036383490771754,0.019479516059395935,-0.009000001464936342,0.0,-0.04337178235253617,-0.0008278668560576843,-0.03674751766563157,-0.043376133994168634,-0.0007529854942242,-0.03669501808829357],[0.48904472652714515,0.4414712209815208,0.36505350702329403,0.31306641639666116,0.20585553388230227,0.09750078769849137,0.07058664106961661,0.04210700234057919,-0.04337178235253617,0.0,-0.013591264452225797,-0.019967854022979733,-0.007720132253328341,0.02477908380742404,-0.0010142355881685705],[0.512925914470327,0.4669166692093793,0.39158839429749437,0.34093276212025764,0.2395633750626053,0.14609301139769504,0.12910024549903792,0.10175693226876559,-0.0008278668560576843,-0.013591264452225797,0.0,-0.01900423076057618,0.025359933610632986,0.03533749461530539,0.019150674066218624],[0.4988868907646814,0.4517313081490258,0.37536852379302854,0.32372200221298253,0.21797194543195061,0.1164016436789862,0.09487954872074984,0.06639992945386938,-0.03674751766563157,-0.019967854022979733,-0.01900423076057618,0.0,-0.0017409751412476111,0.017529887166402615,-0.005891926134438939],[0.491647803715161,0.4429403000127633,0.36544609923560245,0.3126397465076299,0.20511280943644483,0.09829244891801786,0.07015005546287952,0.04167041172529171,-0.043376133994168634,-0.007720132253328341,0.025359933610632986,-0.0017409751412476111,0.0,-0.013626055321546546,-0.019967854022979733],[0.5155447997888034,0.46851082622176754,0.3919121319907084,0.3402954560382024,0.23932115503102785,0.14692827285638743,0.12922087940907387,0.100870230305707,-0.0007529854942242,0.02477908380742404,0.03533749461530539,0.017529887166402615,-0.013626055321546546,0.0,-0.019421706739852225],[0.5008628821545689,0.452913801349313,0.37588658457876584,0.3234922998113583,0.21755371025396106,0.11704349115891906,0.09493205331638005,0.06645242903120743,-0.03669501808829357,-0.0010142355881685705,0.019150674066218624,-0.005891926134438939,-0.019967854022979733,-0.019421706739852225,0.0]],"maximums":[[0.0,0.00019982737302784437,0.06469382662903292,0.3036165489271427,0.36431985587769405,0.5800312911010316,0.7130124032361504,0.8281146857820294,0.8447419166306344,0.9145972861240392,0.9715704062629962,0.9368300038658696,0.9033972433448557,0.9592963092806212,0.923510633395363],[0.00019982737302784437,0.0,-0.09559527803933998,0.1435761487745452,0.20421526383450653,0.42066423262526936,0.5553687495243663,0.6686525562069302,0.6853497144690918,0.7582743882396946,0.8223864125544855,0.7784140362178547,0.7493834508619824,0.8108833253968925,0.7711307151066485],[0.06469382662903292,-0.09559527803933998,0.0,0.00011924264932228154,0.05894535269004499,0.27425127953796613,0.4115512110282933,0.5293369821285149,0.5462590648045708,0.6173455498008367,0.6798557225250083,0.6367745552348048,0.6141981026360026,0.6738552197683749,0.6312218863314397],[0.3036165489271427,0.1435761487745452,0.00011924264932228154,0.0,-0.08510815667528084,0.13008754353500437,0.2653659016210401,0.3840431907717058,0.4013938109881984,0.4733565538011637,0.5358667048855726,0.4922848510476161,0.47017220106959234,0.5400127256710873,0.4898852018953589],[0.36431985587769405,0.20421526383450653,0.05894535269004499,-0.08510815667528084,0.0,0.00032415158067381736,0.13568152548187945,0.25202463943746956,0.2688880851627493,0.3416554095948583,0.41016932136014317,0.3603957770017683,0.3418296021745875,0.4050786892691144,0.3614599848432835],[0.5800312911010316,0.42066423262526936,0.27425127953796613,0.13008754353500437,0.00032415158067381736,0.0,-0.0750508032979881,0.041204792696059395,0.05806850738962906,0.13083569093595832,0.19934963378621262,0.14957604234290012,0.1310099186076316,0.19421429599363826,0.1506402141888965],[0.7130124032361504,0.5553687495243663,0.4115512110282933,0.2653659016210401,0.13568152548187945,-0.0750508032979881,0.0,0.0004795167975356132,0.019479516059396244,0.07990839784557219,0.13656270339166846,0.09658962724618389,0.07990054344294967,0.13656475820179553,0.096589772383813],[0.8281146857820294,0.6686525562069302,0.5293369821285149,0.3840431907717058,0.25202463943746956,0.041204792696059395,0.0004795167975356132,0.0,-0.009000001464936166,0.05142873045175577,0.10808859736153055,0.06811002483112794,0.05142092106387868,0.10808516779954008,0.0681101542801382],[0.8447419166306344,0.6853497144690918,0.5462590648045708,0.4013938109881984,0.2688880851627493,0.05806850738962906,0.019479516059396244,-0.009000001464936166,0.0,-0.041974197825146504,0.007196315887581669,-0.03503742228837299,-0.041987477341838615,0.007039938066531129,-0.03503729283936275],[0.9145972861240392,0.7582743882396946,0.6173455498008367,0.4733565538011637,0.3416554095948583,0.13083569093595832,0.07990839784557219,0.05142873045175577,-0.041974197825146504,0.0,-0.011920742439158097,-0.019967854022979542,0.016373891544108912,0.054877369321283176,0.022310148908720153],[0.9715704062629962,0.8223864125544855,0.6798557225250083,0.5358667048855726,0.41016932136014317,0.19934963378621262,0.13656270339166846,0.10808859736153055,0.007196315887581669,-0.011920742439158097,0.0,0.00652350439924973,0.05548268094584044,0.09308685222452301,0.057765622868492086],[0.9368300038658696,0.7784140362178547,0.6367745552348048,0.4922848510476161,0.3603957770017683,0.14957604234290012,0.09658962724618389,0.06811002483112794,-0.03503742228837299,-0.019967854022979542,0.00652350439924973,0.0,0.02129354321256154,0.05885991061797877,0.026463550049394748],[0.9033972433448557,0.7493834508619824,0.6141981026360026,0.47017220106959234,0.3418296021745875,0.1310099186076316,0.07990054344294967,0.05142092106387868,-0.041987477341838615,0.016373891544108912,0.05548268094584044,0.02129354321256154,0.0,-0.011936239964905108,-0.019967854022979577],[0.9592963092806212,0.8108833253968925,0.6738552197683749,0.5400127256710873,0.4050786892691144,0.19421429599363826,0.13656475820179553,0.10808516779954008,0.007039938066531129,0.054877369321283176,0.09308685222452301,0.05885991061797877,-0.011936239964905108,0.0,0.006982692560717513],[0.923510633395363,0.7711307151066485,0.6312218863314397,0.4898852018953589,0.3614599848432835,0.1506402141888965,0.096589772383813,0.0681101542801382,-0.03503729283936275,0.022310148908720153,0.057765622868492086,0.026463550049394748,-0.019967854022979577,0.006982692560717513,0.0]],"minimums":[[0.0,0.00019982737302778886,-0.0037083466452837817,0.0009818847320625787,-0.0791605114880902,-0.13702319287540582,-0.14776055144949427,-0.07654677573559271,-0.09296044358506997,-0.05137315433150065,-0.029942542879032898,-0.031332592379331795,-0.0417647190662747,-0.025539508836109823,-0.036780992424379315],[0.00019982737302778886,0.0,-0.11522669801171673,0.0942689022503016,0.026386522548172645,-0.12679397956676638,-0.10005408239929625,-0.07223049556791854,-0.08708216742935446,-0.0767124833182075,-0.044458692868230905,-0.05584910205060841,-0.03504913388942164,-0.03070681001588832,-0.03731490082948758],[-0.0037083466452837817,-0.11522669801171673,0.0,0.00011924264932178194,-0.08372868699245997,-0.1097911144024365,-0.09524742615574891,-0.085441101188142,-0.10192161230193299,-0.04899061036635788,-0.04441671238647203,-0.05092233043390594,-0.04520296768561793,-0.06455486846388475,-0.028089558377856372],[0.0009818847320625787,0.0942689022503016,0.00011924264932178194,0.0,-0.10969162615919521,0.0598972484520912,0.11579779238880598,0.10308198674722709,0.03755293245173868,0.019732339006911265,-0.01249628052716309,0.0053701629097262366,0.03566266851789279,-0.02343042231251688,0.009335763672376216],[-0.0791605114880902,0.026386522548172645,-0.08372868699245997,-0.10969162615919521,0.0,0.00032415158067263775,0.0523859016052753,0.026285481537431765,-0.02637816636649276,-0.047584904929203475,-0.09084928001687104,-0.059364497060475155,-0.04448732828725974,-0.08806043059472485,-0.059520301780130874],[-0.13702319287540582,-0.12679397956676638,-0.1097911144024365,0.0598972484520912,0.00032415158067263775,0.0,-0.0800335923453944,-0.02820866956752796,-0.027282508621515253,-0.027330459914072205,0.012525804062597958,-0.008193726835226442,-0.025380491918246526,0.016020099751963356,-0.004089994943477071],[-0.14776055144949427,-0.10005408239929625,-0.09524742615574891,0.11579779238880598,0.0523859016052753,-0.0800335923453944,0.0,0.0004795166703430734,0.019479516059395328,0.06307202685228236,0.11944422730825252,0.09411455436914717,0.06305831441804567,0.11965278998701251,0.09411456111878425],[-0.07654677573559271,-0.07223049556791854,-0.085441101188142,0.10308198674722709,0.026285481537431765,-0.02820866956752796,0.0004795166703430734,0.0,-0.009000001464936673,0.03459245812124958,0.09096464638442092,0.0656349858736317,0.03457858840641748,0.09117320637659618,0.06563498755193621],[-0.09296044358506997,-0.08708216742935446,-0.10192161230193299,0.03755293245173868,-0.02637816636649276,-0.027282508621515253,0.019479516059395328,-0.009000001464936673,0.0,-0.04339999426156302,-0.012182800735080115,-0.037512461245869294,-0.04339999426156301,-0.011974240742904728,-0.03751245956756482],[-0.05137315433150065,-0.0767124833182075,-0.04899061036635788,0.019732339006911265,-0.047584904929203475,-0.027330459914072205,0.06307202685228236,0.03459245812124958,-0.04339999426156302,0.0,-0.01437406098162871,-0.01996785402297974,-0.011800000444054605,0.0020685120752391224,-0.012923161735208983],[-0.029942542879032898,-0.044458692868230905,-0.04441671238647203,-0.01249628052716309,-0.09084928001687104,0.012525804062597958,0.11944422730825252,0.09096464638442092,-0.012182800735080115,-0.01437406098162871,0.0,-0.030067854560911655,0.0025224893002250073,-0.03200000151991843,-0.012979834435585987],[-0.031332592379331795,-0.05584910205060841,-0.05092233043390594,0.0053701629097262366,-0.059364497060475155,-0.008193726835226442,0.09411455436914717,0.0656349858736317,-0.037512461245869294,-0.01996785402297974,-0.030067854560911655,0.0,-0.012920372609747838,-0.012677571776267466,-0.02813570760190487],[-0.0417647190662747,-0.03504913388942164,-0.04520296768561793,0.03566266851789279,-0.04448732828725974,-0.025380491918246526,0.06305831441804567,0.03457858840641748,-0.04339999426156301,-0.011800000444054605,0.0025224893002250073,-0.012920372609747838,0.0,-0.014374059851545305,-0.01996785402297974],[-0.025539508836109823,-0.03070681001588832,-0.06455486846388475,-0.02343042231251688,-0.08806043059472485,0.016020099751963356,0.11965278998701251,0.09117320637659618,-0.011974240742904728,0.0020685120752391224,-0.03200000151991843,-0.012677571776267466,-0.014374059851545305,0.0,-0.030067854560911655],[-0.036780992424379315,-0.03731490082948758,-0.028089558377856372,0.009335763672376216,-0.059520301780130874,-0.004089994943477071,0.09411456111878425,0.06563498755193621,-0.03751245956756482,-0.012923161735208983,-0.012979834435585987,-0.02813570760190487,-0.01996785402297974,-0.030067854560911655,0.0]]},"full_bounding_spheres":{"averages":[[0.0,-0.02999213344964462,-0.04743762426104834,0.16691657348331582,0.1874968465116556,0.2862309144957179,0.35716608120785026,0.44580405981407617,0.44073168550871045,0.47846094921002635,0.5066764947593735,0.4924463018939376,0.4793413316445714,0.507428243404042,0.4928355355303781],[-0.02999213344964462,0.0,-0.1973878421351473,0.044465000129316916,0.07119348175169493,0.1907079622947955,0.2698409969341424,0.36318723406017633,0.36236593231680814,0.4015142755890139,0.43306999344201935,0.41653515468197516,0.4016480398537162,0.4329958097528122,0.4165603513732901],[-0.04743762426104834,-0.1973878421351473,0.0,-0.059185249623827915,-0.03239696618615162,0.09971104802152586,0.18294281833588485,0.27678021223385896,0.2759707946275732,0.3152581865116768,0.34698491232864903,0.33026098023669354,0.315122164860567,0.3466627403233271,0.33011784420501117],[0.16691657348331582,0.044465000129316916,-0.059185249623827915,0.0,-0.16621883331625928,0.03024859015884089,0.122089333538083,0.2200420638394814,0.22171387251502028,0.26159447598737146,0.2954989889845051,0.27724491244052507,0.26175712285437863,0.29537005858941184,0.2772828318170761],[0.1874968465116556,0.07119348175169493,-0.03239696618615162,-0.16621883331625928,0.0,-0.052461683814021116,0.03820840381063494,0.1383505322441534,0.1429524566157384,0.18374012576908397,0.22098428024335076,0.20051933437375838,0.1841229114778756,0.22126149765384237,0.20061355551280802],[0.2862309144957179,0.1907079622947955,0.09971104802152586,0.03024859015884089,-0.052461683814021116,0.0,-0.16657958767296682,-0.05707006895035654,-0.0258072005757385,0.022093519390818852,0.07939899875887947,0.04608487573166492,0.02216374733223435,0.07904341861927754,0.04617212707469331],[0.35716608120785026,0.2698409969341424,0.18294281833588485,0.122089333538083,0.03820840381063494,-0.16657958767296682,0.0,-0.061300860459864735,-0.018044852354216732,0.03225632278369585,0.09352727593361865,0.05778374516981497,0.032109513242756696,0.09323590025037969,0.05771649185035481],[0.44580405981407617,0.36318723406017633,0.27678021223385896,0.2200420638394814,0.1383505322441534,-0.05707006895035654,-0.061300860459864735,0.0,-0.04724951627845313,0.009568062936586016,0.06980923367784111,0.03251452996251957,0.006447654478608527,0.06793535154749006,0.030720682021146153],[0.44073168550871045,0.36236593231680814,0.2759707946275732,0.22171387251502028,0.1429524566157384,-0.0258072005757385,-0.018044852354216732,-0.04724951627845313,0.0,-0.0756255282682481,-0.029849658019649634,-0.06627507900854701,-0.07733979791810068,-0.03058592495712393,-0.06731891201309204],[0.47846094921002635,0.4015142755890139,0.3152581865116768,0.26159447598737146,0.18374012576908397,0.022093519390818852,0.03225632278369585,0.009568062936586016,-0.0756255282682481,0.0,-0.021724625424939675,-0.05447004763211592,-0.006377058004978461,0.017034727670039992,-0.009365205279131693],[0.5066764947593735,0.43306999344201935,0.34698491232864903,0.2954989889845051,0.22098428024335076,0.07939899875887947,0.09352727593361865,0.06980923367784111,-0.029849658019649634,-0.021724625424939675,0.0,-0.03407507249125504,0.016855310403108274,0.0013865145581504806,-0.00030723309287972915],[0.4924463018939376,0.41653515468197516,0.33026098023669354,0.27724491244052507,0.20051933437375838,0.04608487573166492,0.05778374516981497,0.03251452996251957,-0.06627507900854701,-0.05447004763211592,-0.03407507249125504,0.0,-0.009558548307986156,-0.00030573411416084446,-0.020169979200983124],[0.4793413316445714,0.4016480398537162,0.315122164860567,0.26175712285437863,0.1841229114778756,0.02216374733223435,0.032109513242756696,0.006447654478608527,-0.07733979791810068,-0.006377058004978461,0.016855310403108274,-0.009558548307986156,0.0,-0.021801124786520566,-0.05458011717891815],[0.507428243404042,0.4329958097528122,0.3466627403233271,0.29537005858941184,0.22126149765384237,0.07904341861927754,0.09323590025037969,0.06793535154749006,-0.03058592495712393,0.017034727670039992,0.0013865145581504806,-0.00030573411416084446,-0.021801124786520566,0.0,-0.03400303919531051],[0.4928355355303781,0.4165603513732901,0.33011784420501117,0.2772828318170761,0.20061355551280802,0.04617212707469331,0.05771649185035481,0.030720682021146153,-0.06731891201309204,-0.009365205279131693,-0.00030723309287972915,-0.020169979200983124,-0.05458011717891815,-0.03400303919531051,0.0]],"maximums":[[0.0,-0.029140993237294466,-0.01663891361357528,0.26176255439438456,0.32756818333964227,0.557139224692434,0.6671345003845597,0.8057573815140013,0.8427313699177147,0.8895175720887756,0.9519390139511037,0.9109606714894934,0.8934377265493836,0.9513971361834406,0.9177168568629032],[-0.029140993237294466,0.0,-0.19517464593068862,0.050879960876246355,0.11814155880436283,0.34772794746507346,0.4567163646135245,0.5962658000241378,0.6317223028900996,0.6844141019472215,0.7478176754017576,0.7081344458547207,0.6978828133140084,0.7625548334570313,0.7161783254110635],[-0.01663891361357528,-0.19517464593068862,0.0,-0.04664061434954658,0.025277213400277943,0.2545298681693531,0.35975107887757524,0.5080890718920695,0.5390486863257316,0.5988424448085365,0.6552978109741704,0.6178625389057286,0.5998834102832948,0.65126824140982,0.6158067485257014],[0.26176255439438456,0.050879960876246355,-0.04664061434954658,0.0,-0.15412950921387158,0.0570523321065457,0.16589050430170926,0.30786753221021634,0.3446671823107542,0.4078807248095814,0.47480122228557625,0.4281573096204715,0.405813471628547,0.4659922335541861,0.4265178804871994],[0.32756818333964227,0.11814155880436283,0.025277213400277943,-0.15412950921387158,0.0,-0.042775366898300415,0.06828332187249953,0.21231567992242206,0.24806735896384863,0.31269843439958367,0.37786073652828395,0.33163697998365416,0.31081839203257455,0.3753034190063791,0.33090066343276914],[0.557139224692434,0.34772794746507346,0.2545298681693531,0.0570523321065457,-0.042775366898300415,0.0,-0.15233328078847277,-0.024797855580151656,0.009358550827689854,0.0747328845719864,0.13983175430342848,0.09274214078196769,0.07474158878017745,0.13887244889043415,0.09329626189464624],[0.6671345003845597,0.4567163646135245,0.35975107887757524,0.16589050430170926,0.06828332187249953,-0.15233328078847277,0.0,-0.05930223648454537,-0.017071116945650056,0.04391050157511717,0.11325954602137972,0.06540246259490551,0.043959231540230626,0.11277574806918109,0.06541558264395939],[0.8057573815140013,0.5962658000241378,0.5080890718920695,0.30786753221021634,0.21231567992242206,-0.024797855580151656,-0.05930223648454537,0.0,-0.04724951627845218,0.010470811265962082,0.07981613888501096,0.03317528453862251,0.007084100890323325,0.07643423578755562,0.03143418894175773],[0.8427313699177147,0.6317223028900996,0.5390486863257316,0.3446671823107542,0.24806735896384863,0.009358550827689854,-0.017071116945650056,-0.04724951627845218,0.0,-0.06915865414433191,-0.009283435342958307,-0.06246518180219126,-0.07104687320356284,-0.010528661115142973,-0.0640065069976854],[0.8895175720887756,0.6844141019472215,0.5988424448085365,0.4078807248095814,0.31269843439958367,0.0747328845719864,0.04391050157511717,0.010470811265962082,-0.06915865414433191,0.0,-0.017899228457404076,-0.03885496406326758,0.008851736021034964,0.05518207631704698,0.007484624800977571],[0.9519390139511037,0.7478176754017576,0.6552978109741704,0.47480122228557625,0.37786073652828395,0.13983175430342848,0.11325954602137972,0.07981613888501096,-0.009283435342958307,-0.017899228457404076,0.0,-0.0066144665549429105,0.057576913856588224,0.07229052637968697,0.047539391949746254],[0.9109606714894934,0.7081344458547207,0.6178625389057286,0.4281573096204715,0.33163697998365416,0.09274214078196769,0.06540246259490551,0.03317528453862251,-0.06246518180219126,-0.03885496406326758,-0.0066144665549429105,0.0,0.007702212236562839,0.04735078535242132,0.0009297332162029048],[0.8934377265493836,0.6978828133140084,0.5998834102832948,0.405813471628547,0.31081839203257455,0.07474158878017745,0.043959231540230626,0.007084100890323325,-0.07104687320356284,0.008851736021034964,0.057576913856588224,0.007702212236562839,0.0,-0.017921506708384577,-0.03912420930339949],[0.9513971361834406,0.7625548334570313,0.65126824140982,0.4659922335541861,0.3753034190063791,0.13887244889043415,0.11277574806918109,0.07643423578755562,-0.010528661115142973,0.05518207631704698,0.07229052637968697,0.04735078535242132,-0.017921506708384577,0.0,-0.006846098288296354],[0.9177168568629032,0.7161783254110635,0.6158067485257014,0.4265178804871994,0.33090066343276914,0.09329626189464624,0.06541558264395939,0.03143418894175773,-0.0640065069976854,0.007484624800977571,0.047539391949746254,0.0009297332162029048,-0.03912420930339949,-0.006846098288296354,0.0]],"minimums":[[0.0,-0.030826114000544524,-0.09572162219725083,-0.03777775910913103,-0.10552352934567541,-0.2384963060098171,-0.2195425651285038,-0.13862317160631982,-0.1658831111377434,-0.13491390919543755,-0.12569336029545722,-0.12047685985017514,-0.16837494869222583,-0.15070681089381388,-0.13082636041019868],[-0.030826114000544524,0.0,-0.20086449329996725,0.035768051710975524,-0.022853211721941213,-0.24838857026039296,-0.17139732353953613,-0.11889537265199726,-0.15362089452225713,-0.12865267557127097,-0.059560287302356074,-0.1057252171965394,-0.0899009082228206,-0.06554062003257957,-0.07495509667025277],[-0.09572162219725083,-0.20086449329996725,0.0,-0.07225130513404193,-0.14745969012786345,-0.27865006046030344,-0.21792743991682,-0.14794108503024828,-0.205239842995675,-0.13020919428584693,-0.11391037350355564,-0.13546902717582748,-0.2073067599401561,-0.15165763830689413,-0.187579697876925],[-0.03777775910913103,0.035768051710975524,-0.07225130513404193,0.0,-0.18413125034116157,-0.0037959371398299524,0.05765224787325973,0.07922361814184167,-0.02047638869939733,-0.009612472674351114,-0.06613045138639319,-0.022699766870536514,0.006127673159075531,-0.04310349363962532,-0.012018568182158657],[-0.10552352934567541,-0.022853211721941213,-0.14745969012786345,-0.18413125034116157,0.0,-0.06293490431083357,-0.00421544577917804,0.009068533271323481,-0.09095071405291047,-0.07652229381915358,-0.12795352449926148,-0.09498568764951651,-0.07634116969028723,-0.12806803045207105,-0.09539303150626977],[-0.2384963060098171,-0.24838857026039296,-0.27865006046030344,-0.0037959371398299524,-0.06293490431083357,0.0,-0.18777921156182803,-0.10585476346777198,-0.08567556166056087,-0.06382272797431418,-0.009305721409490736,-0.03500510110231769,-0.06354603428799208,-0.009148859760085337,-0.03365444468740739],[-0.2195425651285038,-0.17139732353953613,-0.21792743991682,0.05765224787325973,-0.00421544577917804,-0.18777921156182803,0.0,-0.06330300428005324,-0.019013404693169172,0.017490353555354082,0.07711111700698012,0.04516345724879903,0.017461153639840493,0.07707469860930968,0.045324580312521706],[-0.13862317160631982,-0.11889537265199726,-0.14794108503024828,0.07922361814184167,0.009068533271323481,-0.10585476346777198,-0.06330300428005324,0.0,-0.047249516278452794,0.007021257186930252,0.04952435527845375,0.03118720665588834,0.004509090593937795,0.04988235400293209,0.028602640095461623],[-0.1658831111377434,-0.15362089452225713,-0.205239842995675,-0.02047638869939733,-0.09095071405291047,-0.08567556166056087,-0.019013404693169172,-0.047249516278452794,0.0,-0.0833213213624949,-0.05498589131774187,-0.07145545484036427,-0.08504942398020685,-0.054661098479430015,-0.07222536996244357],[-0.13491390919543755,-0.12865267557127097,-0.13020919428584693,-0.009612472674351114,-0.07652229381915358,-0.06382272797431418,0.017490353555354082,0.007021257186930252,-0.0833213213624949,0.0,-0.02727601625040283,-0.06456496773122528,-0.022665822189222223,-0.025792660548696965,-0.0278030863514966],[-0.12569336029545722,-0.059560287302356074,-0.11391037350355564,-0.06613045138639319,-0.12795352449926148,-0.009305721409490736,0.07711111700698012,0.04952435527845375,-0.05498589131774187,-0.02727601625040283,0.0,-0.04989491968953022,-0.025629073715884305,-0.06979179084932025,-0.050676829473627255],[-0.12047685985017514,-0.1057252171965394,-0.13546902717582748,-0.022699766870536514,-0.09498568764951651,-0.03500510110231769,0.04516345724879903,0.03118720665588834,-0.07145545484036427,-0.06456496773122528,-0.04989491968953022,0.0,-0.027259858245598775,-0.048941222808384,-0.04383873485570963],[-0.16837494869222583,-0.0899009082228206,-0.2073067599401561,0.006127673159075531,-0.07634116969028723,-0.06354603428799208,0.017461153639840493,0.004509090593937795,-0.08504942398020685,-0.022665822189222223,-0.025629073715884305,-0.027259858245598775,0.0,-0.02728010490100538,-0.06462184839319138],[-0.15070681089381388,-0.06554062003257957,-0.15165763830689413,-0.04310349363962532,-0.12806803045207105,-0.009148859760085337,0.07707469860930968,0.04988235400293209,-0.054661098479430015,-0.025792660548696965,-0.06979179084932025,-0.048941222808384,-0.02728010490100538,0.0,-0.04920323684872917],[-0.13082636041019868,-0.07495509667025277,-0.187579697876925,-0.012018568182158657,-0.09539303150626977,-0.03365444468740739,0.045324580312521706,0.028602640095461623,-0.07222536996244357,-0.0278030863514966,-0.050676829473627255,-0.04383873485570963,-0.06462184839319138,-0.04920323684872917,0.0]]},"decomposition_convex_hulls":{"averages":[[0.0,0.033003454096615314,0.006111750751734385,0.0,-0.0014800848364830027,0.047681155622006206,0.06280768942833076,0.06280768942833076,0.0791947646141055,0.17851653148184307,0.11131030133634036,0.0680412305446659,0.11651729025334003,0.16659718583582056,0.11362186121870445,0.21051455085687645,0.24080744134389223,0.27951996989707,0.27031219422263697,0.2742826524727379,0.2728391343783376,0.35516150805307656,0.28885518302295055,0.325486559142917,0.33430195792307665,0.32411917513144334,